TIMESTAMP,TOKEN0_SYMBOL,TOKEN1_SYMBOL,AMOUNT0,AMOUNT1,AMOUNT_USD,PRICE,TICK,FEE_TIER,LIQUIDITY
1682726459000,USDC,WETH,553.158764,-0.292004171868677297,553.307052784989099896929684751845,1894.35,200858,500,1821633217205823221
1682726471000,USDC,WETH,1407.575,-0.743036255795442316,1407.951043483703274753453649640614,1894.36,200858,500,1821633217205823221
1682726471000,USDC,WETH,-1324.723405,0.7,1325.740476542341640406142279343461,1892.46,200858,500,1821633217205823221
1682726483000,USDC,WETH,1910,-1.008257721065214929,1910.50967274138219929796697435059,1894.36,200858,500,1821633217205823221
1682726507000,USDC,WETH,5000,-2.63940101640084377,5001.31801495157457347455563929724,1894.37,200858,500,1821633217205823221
1682726543000,USDC,WETH,-42276.419785,22.34,42309.46962407987463810459788647559,1892.41,200859,500,1821633217205823221
1682726543000,USDC,WETH,-100,0.052844796873311017,100.080166520476615949569321347738,1892.33,200859,500,1821633217205823221
1682726591000,USDC,WETH,-166.027586,0.087736929564198342,166.1606741036245370439128966305158,1892.33,200859,500,1821633217205823221
1682726591000,USDC,WETH,200,-0.105583920679552342,200.0601883699789655812470897613335,1894.23,200859,500,1821633217205823221
1682726615000,USDC,WETH,192,-0.101360558170614145,192.0577754506706666322632011963378,1894.23,200859,500,1821633217205823221
1682726627000,USDC,WETH,2598.349096,-1.371715757984821148,2599.127573523617227333635341531859,1894.23,200859,500,1821633217205823221
1682726675000,USDC,WETH,-1000,0.52844740178883111,1000.801127920765026435660021651523,1892.34,200859,500,1821633217205823221
1682726675000,USDC,WETH,-1701.052372,0.898914428634125952,1702.412974051826400132088365363471,1892.34,200859,500,1821633217205823221
1682726687000,USDC,WETH,-9312.662485,4.921299908279993675,9320.16824228495794842346703352961,1892.32,200859,500,1821633217205823221
1682726699000,USDC,WETH,14999.260608,-7.918430380489178198,15003.79978706934840715502060387135,1894.22,200859,500,1821633217205823221
1682726783000,USDC,WETH,2210.292762,-1.166841977899050527,2210.94381071401891114901044613371,1894.25,200859,500,1821633217205823221
1682726783000,USDC,WETH,-18591.693755,9.82476742581286475,18606.62140633838705814366423278888,1892.33,200859,500,1821633217205823221
1682726807000,USDC,WETH,-5907.07996,3.121663978893822011,5911.89087041531699356360578220879,1892.29,200859,500,1821633217205823221
1682726819000,USDC,WETH,1000,-0.527935540836670666,1000.316045505158824972245765771658,1894.17,200859,500,1821633217205823221
1682726843000,USDC,WETH,2000,-1.055868111343506597,2000.629276076368695807987760135608,1894.18,200859,500,1821633217205823221
1682726879000,USDC,WETH,2000,-1.055864150922295805,2000.625522848700829403330942687785,1894.18,200859,500,1821633217205823221
1682726915000,USDC,WETH,2000,-1.055860190523367493,2000.621769642149711948706977747843,1894.19,200859,500,1821633217205823221
1682726927000,USDC,WETH,750,-0.395946550410461965,750.2321959965521165326616817680115,1894.20,200859,500,1821633217205823221
1682726939000,USDC,WETH,-59.088682,0.03122581122385602,59.13654152594171167192867593639755,1892.30,200859,500,1821633217205823221
1682726951000,USDC,WETH,-170.307194,0.09,170.4451536625867823379325787727307,1892.30,200859,500,1821633217205823221
1682726951000,USDC,WETH,-221.641913,0.117128226235136752,221.821485025562094477502357547143,1892.30,200859,500,1821633217205823221
1682726999000,USDC,WETH,-163540.765079,86.435836014072496128,163684.2284970910065577151878294869,1892.05,200862,500,1821633217205823221
1682727023000,USDC,WETH,20,-0.010561363961983611,20.00883407367205047018941890967964,1893.69,200862,500,1821633217205823221
1682727047000,USDC,WETH,-315958.004431,167.056374007612376396,316295.63010656777685380631597413,1891.33,200867,500,1821633217205823221
1682727059000,USDC,WETH,349.202651,-0.184495583568561158,349.4448106700918687966632851257492,1892.74,200867,500,1821633217205823221
1682727071000,USDC,WETH,86,-0.045436696070338388,86.0596231188372257685018869380624,1892.74,200867,500,1821633217205823221
1682727179000,USDC,WETH,511.044096,-0.27,511.3966878305070699184872278698955,1892.76,200867,500,1821633217205823221
1682727179000,USDC,WETH,3900,-2.060494795078919922,3902.697642827604097759058216586349,1892.75,200867,500,1821633217205823221
1682727227000,USDC,WETH,1966.136935,-1.038767359849682092,1967.491519608237540411063316884345,1892.76,200867,500,1821633217205823221
1682727251000,USDC,WETH,-103.997858,0.055,104.121540817325514242654805677201,1890.87,200867,500,1821633217205823221
1682727263000,USDC,WETH,-7436.618459,3.932931670981944185,7445.4850620574048226365131106958,1890.86,200867,500,1821633217205823221
1682727311000,USDC,WETH,-945.430038,0.5,946.5569446120501294786800516109175,1890.86,200867,500,1821633217205823221
1682727311000,USDC,WETH,4617.104606,-2.439367245220873038,4620.301248500841137580009130481662,1892.75,200867,500,1821633217205823221
1682727359000,USDC,WETH,3969.59677,-2.097256517587152132,3972.334518591837289267912378426352,1892.76,200867,500,1821633217205823221
1682727407000,USDC,WETH,-9727.764453,5.144635390653240355,9739.370106658066348541597725726005,1890.86,200867,500,1821633217205823221
1682727419000,USDC,WETH,1060.6375,-0.560372904555382242,1061.375102310679798899123139468679,1892.74,200867,500,1821633217205823221
1682727431000,USDC,WETH,3339.406989,-1.764322531720120306,3341.723466161978402016162551449823,1892.74,200867,500,1821633217205823221
1682727467000,USDC,WETH,-4022.980348,2.127605870355453408,4027.787899105459851050370844098658,1890.85,200867,500,1821633217205823221
1682727503000,USDC,WETH,-7000,3.702066084959680304,7008.388244880716978540295348954975,1890.84,200867,500,1821633217205823221
1682727503000,USDC,WETH,1380.835379,-0.729544328528145106,1381.795068398252788884913918180647,1892.74,200867,500,1821633217205823221
1682727503000,USDC,WETH,-3781.639618,2,3786.18751144820051791472020644367,1890.82,200867,500,1821633217205823221
1682727515000,USDC,WETH,-49.85562,0.02636725,49.91562702618865755299345318167593,1890.82,200867,500,1821633217205823221
1682727515000,USDC,WETH,684.192044,-0.361488548605149697,684.6728819155386206369774484324595,1892.71,200867,500,1821633217205823221
1682727743000,USDC,WETH,94642.543154,-50,94705.46413820501294786800516109175,1892.85,200866,500,1821633217205823221
1682727803000,USDC,WETH,65,-0.03433714768929724,65.0407603622439235758998705788569,1892.99,200866,500,1821633217205823221
1682727815000,USDC,WETH,263.413356,-0.139151706656452663,263.5785032685933271671148643912031,1892.99,200866,500,1821633217205823221
1682727923000,USDC,WETH,-11788.561023,6.233757902294904962,11801.91220794550403224894676487066,1891.08,200866,500,1821633217205823221
1682727971000,USDC,WETH,20130.658458,-10.634322612333878979,20143.30503741610497984680058417294,1892.99,200865,500,1821633217205823221
1682727971000,USDC,WETH,-4765.622065,2.52,4770.974337584732652572547460119024,1891.12,200866,500,1821633217205823221
1682727983000,USDC,WETH,-1891.109841,1,1893.238771724100258957360103221835,1891.11,200866,500,1821633217205823221
1682728007000,USDC,WETH,-2987.942839,1.58,2991.3119044340784091526289630905,1891.10,200866,500,1821633217205823221
1682728007000,USDC,WETH,189.299981,-0.1,189.4183756224100258957360103221835,1893.00,200866,500,1821633217205823221
1682728019000,USDC,WETH,1000,-0.528264086534607967,1000.627343990498641532119848746716,1892.99,200866,500,1821633217205823221
1682728031000,USDC,WETH,7000,-3.697825057048968138,7004.36909121714437345982809467227,1893.00,200865,500,1821633217205823221
1682728043000,USDC,WETH,272.409091,-0.143902189910340657,272.5783270338134965710686604880014,1893.02,200865,500,1821633217205823221
1682728055000,USDC,WETH,1100,-0.58108279593131053,1100.682781928252299591124555544349,1893.02,200865,500,1821633217205823221
1682728079000,USDC,WETH,12888.823906,-6.808664014874819225,12896.87288830751333496394158510921,1893.00,200865,500,1821633217205823221
1682728079000,USDC,WETH,-11734.100065,6.20487734850095907,11747.31209450057258924870142967415,1891.11,200866,500,1821633217205823221
1682728091000,USDC,WETH,202.341382,-0.1068879626014288,202.4666870476196433847136161579059,1893.02,200865,500,1821633217205823221
1682728103000,USDC,WETH,-18911.023662,10,18932.35034324100258957360103221835,1891.10,200866,500,1821633217205823221
1682728115000,USDC,WETH,1064.894175,-0.562552660330135795,1065.569159158026218415681814795912,1892.97,200866,500,1821633217205823221
1682728151000,USDC,WETH,-357.72392,0.189164167109035206,358.1297863994897597512464363450616,1891.08,200866,500,1821633217205823221
1682728175000,USDC,WETH,100,-0.052827076428033393,100.0633672382285717423189801459652,1892.97,200866,500,1821633217205823221
1682728271000,USDC,WETH,-1005.048023,0.531469206631351488,1006.188796047416302316368881869302,1891.07,200866,500,1821633217205823221
1682728283000,USDC,WETH,-1323.749904,0.7,1325.253647856870181270152072255285,1891.07,200866,500,1821633217205823221
1682728307000,USDC,WETH,-17609.677147,9.312151669057965011,17629.81433041578542433384042002679,1891.04,200866,500,1821633217205823221
1682728331000,USDC,WETH,-945.507415,0.5,946.5956331120501294786800516109175,1891.01,200866,500,1821633217205823221
1682728355000,USDC,WETH,2973.952881,-1.571100779655127724,2975.883278024757984946009602553892,1892.91,200866,500,1821633217205823221
1682728391000,USDC,WETH,660,-0.348668441175425917,660.4274511334312875454383930934885,1892.92,200866,500,1821633217205823221
1682728451000,USDC,WETH,500,-0.264142514552914592,500.323595463524049733610211716818,1892.92,200866,500,1821633217205823221
1682728463000,USDC,WETH,-100,0.052881354224979207,100.1148054298741404605198860726719,1891.03,200866,500,1821633217205823221
1682728511000,USDC,WETH,-21431.665251,11.333549174525422577,21456.45415525197487009082606165813,1890.99,200866,500,1821633217205823221
1682728523000,USDC,WETH,336.57,-0.177780520689649409,336.7647285197927884851188071247219,1893.18,200865,500,1821633217205823221
1682728523000,USDC,WETH,107226.5625,-56.64327301570881703,107293.1963674650873686575761804394,1893.01,200865,500,1821633217205823221
1682728535000,USDC,WETH,5000,-2.641047664410213437,5002.878221874686179221165800680315,1893.19,200865,500,1821633217205823221
1682728535000,USDC,WETH,1000,-0.528212055587587247,1000.57803510224320847702598871056,1893.18,200865,500,1821633217205823221
1682728547000,USDC,WETH,-9616.279309,5.08451232745783621,9626.64987858165578887523553543047,1891.29,200865,500,1821633217205823221
1682728547000,USDC,WETH,-36555.894554,19.329238074507121431,36595.95405667642102260022127473399,1891.22,200865,500,1821633217205823221
1682728547000,USDC,WETH,1281.292033,-0.676797648043567363,1282.036218097341062534050620479965,1893.17,200865,500,1821633217205823221
1682728571000,USDC,WETH,966.248284,-0.51041562555237589,966.8367877484338594969227754268395,1893.06,200865,500,1821633217205823221
1682728583000,USDC,WETH,2512.559406,-1.327242750994991903,2514.086224772203452546115152263209,1893.07,200865,500,1821633217205823221
1682728595000,USDC,WETH,-7575.060557,4.005495856743268381,7583.42911278162561662790505898197,1891.17,200865,500,1821633217205823221
1682728607000,USDC,WETH,1929.4383,-1.019221608825035836,1930.607583088840080442185928997847,1893.05,200865,500,1821633217205823221
1682728619000,USDC,WETH,62487.06464,-33.008124019183576629,62524.42836070037626877100692598865,1893.08,200865,500,1821633217205823221
1682728619000,USDC,WETH,-22059.157774,11.664550847073219216,22083.75458619157649090017576171217,1891.13,200866,500,1821633217205823221
1682728643000,USDC,WETH,-7905.811171,4.178535233791785739,7912.754797413158959072976478072525,1892.01,200861,500,1821633217205823221
1682728643000,USDC,WETH,243911.643347,-128.812300855481597559,244027.7149286866467028900540482312,1893.54,200861,500,1821633217205823221
1682728655000,USDC,WETH,520,-0.274567497922608539,520.197851503861756400342916980268,1893.89,200861,500,1821633217205823221
1682728667000,USDC,WETH,18625.230888,-9.834240626816001208,18632.17548526449303659678993728869,1893.92,200861,500,1821633217205823221
1682728679000,USDC,WETH,-7341.849007,3.880387691769793185,7348.229894850878566554396618304805,1892.04,200861,500,1821633217205823221
1682728703000,USDC,WETH,1500,-0.792006135823324449,1500.556043516816286651284190983123,1893.92,200861,500,1821633217205823221
1682728763000,USDC,WETH,300,-0.158401000254434558,300.1109936686090956318538016624759,1893.93,200861,500,1821633217205823221
1682728787000,USDC,WETH,-2697.370203,1.4256484720480496,2699.721448603343217132844708653852,1892.03,200861,500,1821633217205823221
1682728787000,USDC,WETH,1000,-0.528005055944319283,1000.371610548793717580225125645696,1893.92,200861,500,1821633217205823221
1682728823000,USDC,WETH,432.73,-0.22848154899580653,432.8888369682790269085893013867648,1893.94,200861,500,1821633217205823221
1682728823000,USDC,WETH,5000,-2.640012673607759993,5001.846106378281216356215712462805,1893.93,200861,500,1821633217205823221
1682728835000,USDC,WETH,1500,-0.79199915962145496,1500.549432418445823647113143998866,1893.94,200861,500,1821633217205823221
1682728859000,USDC,WETH,-296023.727239,156.49347899880781695,296315.1672440678068733494338911919,1891.60,200865,500,1821633217205823221
1682728871000,USDC,WETH,1997.385628,-1.055893963037289993,1998.103453853065602266517612960336,1891.65,200873,500,1821633217205823221
1682728871000,USDC,WETH,11636.343369,-6.151334676269834401,11640.45075793767303042161190756637,1891.68,200872,500,1821633217205823221
1682728871000,USDC,WETH,-25341.010794,13.4,25369.20876331948600882715660149908,1891.12,200866,500,1821633217205823221
1682728871000,USDC,WETH,-393296.271311,208.04118005049833943,393801.3620316448924763565007251901,1890.47,200872,500,1821633217205823221
1682728871000,USDC,WETH,-15507.288521,8.205841913387659264,15520.52806159834725053884576780825,1889.79,200873,500,1821633217205823221
1682728883000,USDC,WETH,1951.37571,-1.031545013092539528,1952.052052221615566325767274791871,1891.70,200872,500,1821633217205823221
1682728883000,USDC,WETH,5000,-2.643105264259665775,5001.71666457332479446966264161703,1891.71,200872,500,1821633217205823221
1682728919000,USDC,WETH,1344.434151,-0.710691963503640478,1344.891733038998396134921186021441,1891.73,200872,500,1821633217205823221
1682728955000,USDC,WETH,80,-0.042289375837327498,80.02717473920971137398312285985005,1891.73,200872,500,1821633217205823221
1682728967000,USDC,WETH,1500,-0.792924620973180715,1500.508413290425836164215675450295,1891.73,200872,500,1821633217205823221
1682728979000,USDC,WETH,306.149022,-0.161835123525505387,306.2525288836132255859294150863045,1891.73,200872,500,1821633217205823221
1682728991000,USDC,WETH,21844.162165,-11.546923013400751254,21851.3203064478898833667006714372,1891.77,200872,500,1821633217205823221
1682729003000,USDC,WETH,2500,-1.321481120999317127,2500.790646527289561152989896798647,1891.82,200872,500,1821633217205823221
1682729003000,USDC,WETH,1000,-0.528590711848381821,1000.31461495354905472416758673734,1891.82,200872,500,1821633217205823221
1682729015000,USDC,WETH,9464.163879,-5.002619985144918538,9467.09493826155080604904061812664,1891.84,200872,500,1821633217205823221
1682729027000,USDC,WETH,21298.846577,-11.257936816714364693,21305.13516041316134840459521581781,1891.90,200871,500,1821633217205823221
1682729051000,USDC,WETH,113528.057889,-60,113554.4269298194999208943090839572,1892.13,200869,500,1821633217205823221
1682729063000,USDC,WETH,150,-0.079270527197908897,150.030079801255667459522576905366,1892.25,200870,500,1821633217205823221
1682729063000,USDC,WETH,-23369.28652,12.362099191890038223,23385.45214402386407924881083533555,1890.40,200870,500,1821633217205823221
1682729087000,USDC,WETH,6462.51,-3.414258784883036973,6462.873586973017113063708826225535,1892.80,200867,500,1821633217205823221
1682729087000,USDC,WETH,5000,-2.641564678455155555,5000.258489890513644155619664770215,1892.82,200866,500,1821633217205823221
1682729087000,USDC,WETH,177734.375,-93.91399723980485808,177757.4088273452481464771497102411,1892.52,200867,500,1821633217205823221
1682729099000,USDC,WETH,-3970.559422,2.099795459564012015,3972.750041606785023306612016710196,1890.93,200867,500,1821633217205823221
1682729111000,USDC,WETH,20225.727985,-10.685366734407074158,20226.63448360119180430997522678183,1892.84,200866,500,1821633217205823221
1682729135000,USDC,WETH,303.384,-0.160276867448062539,303.3951181702628558908404593145418,1892.87,200866,500,1821633217205823221
1682729159000,USDC,WETH,-19193.522762,10.150181355817840932,19203.97536133441773053250021871113,1890.95,200867,500,1821633217205823221
1682729183000,USDC,WETH,-5122.078295,2.708779994810903641,5124.917380166381793065628901153805,1890.92,200867,500,1821633217205823221
1682729207000,USDC,WETH,-864.391577,0.457130415137641794,864.872758614349986118404071916373,1890.91,200867,500,1821633217205823221
1682729279000,USDC,WETH,1000,-0.528317676441309394,1000.056185129686940593487243722248,1892.80,200867,500,1821633217205823221
1682729291000,USDC,WETH,673.827184,-0.355994337600241665,673.864593880631902503852403315023,1892.80,200867,500,1821633217205823221
1682729291000,USDC,WETH,-90,0.047596089615165208,90.0500145298360766785371601674411,1890.91,200867,500,1821633217205823221
1682729375000,USDC,WETH,278.56356,-0.147169766061199421,278.5789397670313618942692312297656,1892.80,200867,500,1821633217205823221
1682729399000,USDC,WETH,1603.609228,-0.847212181863350724,1603.696563767176178778065444958826,1892.81,200867,500,1821633217205823221
1682729471000,USDC,WETH,415.875173,-0.219713094594208782,415.8974879098544520384066304112042,1892.81,200867,500,1821633217205823221
1682729519000,USDC,WETH,10000,-5.285037643055937284,10002.32318527569365140732984051673,1892.13,200870,500,1821633217205823221
1682729519000,USDC,WETH,-18902.582603,10,18916.35763238658332014905151399287,1890.26,200870,500,1821633217205823221
1682729519000,USDC,WETH,-204356.541729,108.09026285444271976,204486.4216285266501831277201360993,1890.61,200870,500,1821633217205823221
1682729543000,USDC,WETH,3210,-1.696476049719717721,3210.725833935757350685528866021038,1892.16,200870,500,1821633217205823221
1682729543000,USDC,WETH,-170763.078608,90.352342353586355868,170900.6306567668051340691083152757,1889.97,200873,500,1821633217205823221
1682729555000,USDC,WETH,-4000,2.116784798208371022,4003.550852325460297891650687144661,1889.66,200873,500,1821633217205823221
1682729567000,USDC,WETH,-173290.962168,91.720190675435840247,173459.2499464565320770870566487064,1889.34,200877,500,1821633217205823221
1682729567000,USDC,WETH,-32622.65517,17.27,32657.49713844112939389741196466569,1888.98,200877,500,1821633217205823221
1682729603000,USDC,WETH,-132208.005504,70,132359.4670682060832410433605979501,1888.69,200880,500,1821633217205823221
1682729615000,USDC,WETH,-68923.746821,36.5,69009.36551823602911854403802607395,1888.32,200881,500,1821633217205823221
1682729699000,USDC,WETH,-5709.418845,3.023763541927571718,5716.72167182610206870498572071633,1888.18,200881,500,1821633217205823221
1682729711000,USDC,WETH,1000,-0.529082667608011646,1000.780254343224853688370717634371,1890.06,200881,500,1821633217205823221
1682729723000,USDC,WETH,2000,-1.058162208854843631,2001.557549564855727357582557373269,1890.07,200881,500,1821633217205823221
1682729819000,USDC,WETH,400,-0.211631941554854932,400.3110364551014614300932869028936,1890.07,200881,500,1821633217205823221
1682729843000,USDC,WETH,-25000,13.240554212252380512,25032.27238766685347605915858036732,1888.14,200882,500,1821633217205823221
1682729855000,USDC,WETH,1000,-0.529105191216094908,1000.801573087676750493171183078198,1889.98,200882,500,1821633217205823221
1682729855000,USDC,WETH,1000,-0.529104149028128378,1000.800586649853504667530934522601,1889.99,200881,500,1821633217205823221
1682729879000,USDC,WETH,3000,-1.587306193987378106,3002.395841351766015163825509069687,1889.99,200881,500,1821633217205823221
1682729879000,USDC,WETH,5000,-2.645489479840357851,5003.973340435163171710750857575005,1890.01,200881,500,1821633217205823221
1682729903000,USDC,WETH,10000,-5.290900798046551808,10007.87270036513716866128028308236,1890.04,200881,500,1821633217205823221
1682729915000,USDC,WETH,4269,-2.258653810181753185,4272.330813188000804581200536217123,1890.06,200881,500,1821633217205823221
1682729951000,USDC,WETH,7356.33,-3.892061970977362211,7362.027471922190548000542679319915,1890.09,200881,500,1821633217205823221
1682729963000,USDC,WETH,-945.684359,0.500837007030906015,946.8877287510235528517949461548285,1888.21,200881,500,1821633217205823221
1682729975000,USDC,WETH,1053.066094,-0.557149038766341675,1053.878307811312436992561856422366,1890.10,200881,500,1821633217205823221
1682729987000,USDC,WETH,223.333011,-0.118158487250054291,223.5042974378980504346064534910754,1890.11,200881,500,1821633217205823221
1682729987000,USDC,WETH,3750,-1.984015082422240549,3752.883435660591854250031928959077,1890.11,200881,500,1821633217205823221
1682729999000,USDC,WETH,17248.654864,-9.125564952224776525,17261.7351899621364552131166279962,1890.15,200880,500,1821633217205823221
1682730011000,USDC,WETH,-1116.765615,0.591415025344904517,1118.161051897249107767793350669065,1888.29,200880,500,1821633217205823221
1682730011000,USDC,WETH,2000,-1.05809896689632083,2001.497690631624378402787537021675,1890.18,200880,500,1821633217205823221
1682730035000,USDC,WETH,9800,-5.184636092576128243,9807.292451774168627530210717952525,1890.20,200880,500,1821633217205823221
1682730059000,USDC,WETH,7000,-3.703250218018502403,7005.15089534153262852929337235698,1890.23,200880,500,1821633217205823221
1682730071000,USDC,WETH,-3802.422249,2.013624078413634162,3807.119671265541404065599928611143,1888.35,200880,500,1821633217205823221
1682730107000,USDC,WETH,3710.391556,-1.962951563646733431,3713.142453423386872683317136486719,1890.21,200880,500,1821633217205823221
1682730107000,USDC,WETH,50,-0.026451983086156339,50.0369774493959740374016911196771,1890.22,200880,500,1821633217205823221
1682730107000,USDC,WETH,-7185.510345,3.805225290887085289,7194.426150721345607306203178133545,1888.33,200880,500,1821633217205823221
1682730143000,USDC,WETH,-4005.076588,2.1209730645239289,4010.053368174277625219627035001134,1888.32,200880,500,1821633217205823221
1682730167000,USDC,WETH,1000,-0.529043290481371566,1000.74298363166804585435262845519,1890.20,200880,500,1821633217205823221
1682730191000,USDC,WETH,2500,-1.32260366690239764,2501.853143670501764887909909459569,1890.21,200880,500,1821633217205823221
1682730203000,USDC,WETH,1000,-0.529039643048629485,1000.739531312383921434326306001984,1890.22,200880,500,1821633217205823221
1682730251000,USDC,WETH,70.052812,-0.03706067528194757,70.1045809811082578170753062436905,1890.22,200880,500,1821633217205823221
1682730287000,USDC,WETH,2000,-1.058076013744236487,2001.475965320926254989662135727772,1890.22,200880,500,1821633217205823221
1682730299000,USDC,WETH,2979.362624,-1.576188333969779102,2981.554025099357370218896445343388,1890.23,200880,500,1821633217205823221
1682730335000,USDC,WETH,2000,-1.058065635699380512,2001.466142432631583022333454117708,1890.24,200880,500,1821633217205823221
1682730335000,USDC,WETH,5000,-2.645145852639726542,5003.64809501045595054033533755664,1890.25,200880,500,1821633217205823221
1682730395000,USDC,WETH,3750,-1.983842292840130912,3752.71988917499646546017031504665,1890.27,200880,500,1821633217205823221
1682730431000,USDC,WETH,3984.782031,-2.108031706032907945,3987.657008021348061112311672246166,1890.29,200880,500,1821633217205823221
1682730443000,USDC,WETH,452.041929,-0.239138439057920992,452.3670832947901052454632571780528,1890.29,200880,500,1821633217205823221
1682730455000,USDC,WETH,1166.065682,-0.616872030508558266,1166.906309643219607327514836597088,1890.29,200880,500,1821633217205823221
1682730455000,USDC,WETH,-2438.334803,1.29121707793341765,2441.312930521334890483009051944303,1888.40,200880,500,1821633217205823221
1682730479000,USDC,WETH,1000,-0.529016756008097765,1000.717868576708879480589246178889,1890.30,200880,500,1821633217205823221
1682730479000,USDC,WETH,2000,-1.05803663817577488,2001.438696084195707386100959946303,1890.29,200880,500,1821633217205823221
1682730551000,USDC,WETH,189.030152,-0.1,189.1657393088658332014905151399287,1890.30,200880,500,1821633217205823221
1682730563000,USDC,WETH,2000,-1.058029991915892633,2001.432405355131929555341311347361,1890.31,200880,500,1821633217205823221
1682730587000,USDC,WETH,4800,-2.539254974513919558,4803.42167648079692307638281263098,1890.32,200880,500,1821633217205823221
1682730587000,USDC,WETH,2671.170352,-1.413069310505068531,2673.064651407064312801897588514915,1890.33,200880,500,1821633217205823221
1682730599000,USDC,WETH,-915.065227,0.484560025295525088,916.1718915718225646137102059053055,1888.45,200880,500,1821633217205823221
1682730599000,USDC,WETH,2457.439779,-1.3,2459.178512515255831619376696819073,1890.34,200880,500,1821633217205823221
1682730611000,USDC,WETH,5000,-2.645009784982242477,5003.519306070098447394478479928125,1890.35,200880,500,1821633217205823221
1682730635000,USDC,WETH,10909.585876,-5.77110198821424679,10917.17925007592868799693599791282,1890.38,200879,500,1821633217205823221
1682730635000,USDC,WETH,200,-0.105799849557141889,200.1402593856169486498138383417402,1890.36,200880,500,1821633217205823221
1682730671000,USDC,WETH,1137.872661,-0.601920634708555409,1138.658203844582995945141443882204,1890.40,200879,500,1821633217205823221
1682730695000,USDC,WETH,1347.600158,-0.712862235699124753,1348.528913567632147782487223010822,1890.41,200879,500,1821633217205823221
1682730719000,USDC,WETH,5000,-2.64491653032732872,5003.4310399206561825488710196539,1890.42,200879,500,1821633217205823221
1682730731000,USDC,WETH,8668.101097,-4.58522192105350668,8673.99351096066454796859145193229,1890.44,200879,500,1821633217205823221
1682730731000,USDC,WETH,3500,-1.851396651251543808,3502.359210887715704760021397829246,1890.46,200879,500,1821633217205823221
1682730755000,USDC,WETH,1444.218771,-0.763945537121395072,1445.188903703878298932926268488144,1890.47,200879,500,1821633217205823221
1682730803000,USDC,WETH,82.4,-0.043586902012492297,82.4552918706093500020306805883907,1890.48,200879,500,1821633217205823221
1682730827000,USDC,WETH,397.966721,-0.210511269656476069,398.2336735697698087523487606209428,1890.48,200879,500,1821633217205823221
1682730863000,USDC,WETH,-4002.761725,2.119438349586828521,4007.443318806411873442871448323934,1888.60,200879,500,1821633217205823221
1682730863000,USDC,WETH,4191.25,-2.217023463042376207,4194.052413482797042278126821201525,1890.49,200879,500,1821633217205823221
1682730875000,USDC,WETH,-10906.486221,5.775,10919.31891658700186738607724933088,1888.57,200879,500,1821633217205823221
1682730899000,USDC,WETH,-5000,2.647546694217825922,5005.92050748912205585326920122488,1888.54,200879,500,1821633217205823221
1682730911000,USDC,WETH,2200,-1.163758978916026344,2201.505592860503014536803819500121,1890.43,200879,500,1821633217205823221
1682730971000,USDC,WETH,-3639.378525,1.927092596747266889,3643.695187897335150325659651852533,1888.53,200879,500,1821633217205823221
1682730995000,USDC,WETH,-1214.720928,0.643211572503803022,1216.164483854236043199316331457022,1888.52,200879,500,1821633217205823221
1682731007000,USDC,WETH,26977.058543,-14.270100121403153934,26995.27369124735374010034335212018,1890.46,200879,500,1821633217205823221
1682731031000,USDC,WETH,-2832.919778,1.5,2836.219838632987498022357727098931,1888.61,200879,500,1821633217205823221
1682731067000,USDC,WETH,-1.888608,0.001,1.890810633088658332014905151399287,1888.61,200879,500,1821633217205823221
1682731127000,USDC,WETH,2000,-1.057920217756489598,2001.328503385115225213639144948058,1890.50,200879,500,1821633217205823221
1682731139000,USDC,WETH,1214.28125,-0.642304403248984818,1215.086003137216517791181813032059,1890.51,200879,500,1821633217205823221
1682731151000,USDC,WETH,-27384.278945,14.5,27416.48565228554581421612469528966,1888.57,200879,500,1821633217205823221
1682731163000,USDC,WETH,576.397903,-0.304784187458892268,576.6792065903786041790372055067605,1891.17,200875,500,1821633217205823221
1682731163000,USDC,WETH,212343.383107,-112.304097250737721596,212468.2645243570115746114480064643,1890.79,200875,500,1821633217205823221
1682731187000,USDC,WETH,5000,-2.643855834148711121,5002.427083951902832770866032423585,1891.18,200875,500,1821633217205823221
1682731223000,USDC,WETH,3000,-1.586301585370834118,3001.444972632549110061282513645453,1891.19,200875,500,1821633217205823221
1682731223000,USDC,WETH,187639.772174,-99.2,187713.3440893949065358785910188093,1891.53,200872,500,1821633217205823221
1682731247000,USDC,WETH,1111,-0.587251150246499113,1111.337108997255702937805596501889,1891.87,200872,500,1821633217205823221
1682731271000,USDC,WETH,13684.223814,-7.233091417757772503,13688.28091164437948180424201181801,1891.89,200871,500,1821633217205823221
1682731283000,USDC,WETH,2006.682785,-1.060670072891655633,2007.272652010582786467015742161327,1891.90,200871,500,1821633217205823221
1682731283000,USDC,WETH,-5150.968132,2.725358093362192576,5155.05357890917424730817074864978,1890.02,200871,500,1821633217205823221
1682731307000,USDC,WETH,3074.510116,-1.625082618244844697,3075.406535485829438085378001896355,1891.91,200871,500,1821633217205823221
1682731319000,USDC,WETH,-1495.006927,0.791,1496.190210273128740623789974756836,1890.02,200871,500,1821633217205823221
1682731343000,USDC,WETH,5000,-2.642819186363053376,5001.44588994660110739698008683681,1891.92,200871,500,1821633217205823221
1682731343000,USDC,WETH,575.774829,-0.304332159804183786,575.9398224168575162667850360057585,1891.93,200871,500,1821633217205823221
1682731355000,USDC,WETH,-2077.750148,1.099318436055435265,2079.387265603119572918521802854312,1890.03,200871,500,1821633217205823221
1682731391000,USDC,WETH,1000,-0.52856235174299857,1000.287771925688714285924657771278,1891.92,200871,500,1821633217205823221
1682731403000,USDC,WETH,-7446.68465,3.94,7452.57845936931382813872629651319,1890.02,200871,500,1821633217205823221
1682731439000,USDC,WETH,592.135974,-0.312984646943541924,592.3100313869743043238703007022565,1891.90,200871,500,1821633217205823221
1682731451000,USDC,WETH,386.619188,-0.204354632328956525,386.7326090017513297229348225410251,1891.90,200871,500,1821633217205823221
1682731463000,USDC,WETH,300,-0.158570748147628155,300.0882649355611299621764379871761,1891.90,200871,500,1821633217205823221
1682731463000,USDC,WETH,-1057.735937,0.559645598546147109,1058.576239702800640548858627086837,1890.01,200871,500,1821633217205823221
1682731475000,USDC,WETH,4307.098407,-2.276586930466640325,4308.353833989623252779880910730681,1891.91,200871,500,1821633217205823221
1682731535000,USDC,WETH,-1686.078868,0.892093511844626152,1687.411860296294241034729802656264,1890.02,200871,500,1821633217205823221
1682731559000,USDC,WETH,199.84,-0.105628540831387533,199.8981145403844848212855103145526,1891.91,200871,500,1821633217205823221
1682731559000,USDC,WETH,2500,-1.321409653909510732,2500.72300245274026544669566738722,1891.92,200871,500,1821633217205823221
1682731619000,USDC,WETH,439.176306,-0.23213191334943076,439.3025487367978893592201056441718,1891.93,200871,500,1821633217205823221
1682731643000,USDC,WETH,899.5,-0.475440777647233355,899.7578496839362909244168254412905,1891.93,200871,500,1821633217205823221
1682731703000,USDC,WETH,3254.145551,-1.720006512617849106,3255.07034864848528148559251064398,1891.94,200871,500,1821633217205823221
1682731715000,USDC,WETH,-1499.960133,0.793544443657184775,1501.075146072174494398454457042069,1890.20,200870,500,1821633217205823221
1682731715000,USDC,WETH,34000,-17.970196127249891387,34008.90983234614186094775358250413,1892.02,200870,500,1821633217205823221
1682731727000,USDC,WETH,3326.870563,-1.758296443832142631,3327.674528523322568741468551350698,1892.10,200870,500,1821633217205823221
1682731739000,USDC,WETH,1428.761239,-0.755115526127030909,1429.10247372746683898949948874526,1892.11,200870,500,1821633217205823221
1682731739000,USDC,WETH,-4866.987771,2.574839562076166864,4870.59661014418816877047069661753,1890.21,200870,500,1821633217205823221
1682731751000,USDC,WETH,1117.23596,-0.590476144231452907,1117.507567195685493744785303998608,1892.09,200870,500,1821633217205823221
1682731763000,USDC,WETH,-1417.650757,0.75,1418.705353316493749011178863549466,1890.20,200870,500,1821633217205823221
1682731763000,USDC,WETH,10800,-5.707902186556292117,10802.56728059678700379042289046091,1892.11,200870,500,1821633217205823221
1682731763000,USDC,WETH,125,-0.066062825474967237,125.0289025126348851929854004026378,1892.14,200870,500,1821633217205823221
1682731799000,USDC,WETH,-2302.801731,1.218257813861038799,2304.489967131561269264898263865587,1890.24,200870,500,1821633217205823221
1682731823000,USDC,WETH,250,-0.132126315221532639,250.058433762743605962311143989505,1892.13,200870,500,1821633217205823221
1682731847000,USDC,WETH,761.338925,-0.402371143566690945,761.5164188493418117430909377567695,1892.13,200870,500,1821633217205823221
1682731859000,USDC,WETH,-94.512043,0.05,94.58135315443291660074525756996435,1890.24,200870,500,1821633217205823221
1682731871000,USDC,WETH,668.483773,-0.353296245780131922,668.6391265762157796460330949766265,1892.13,200870,500,1821633217205823221
1682731883000,USDC,WETH,165120.569409,-87.251882567922087939,165144.7703045109356351051509291768,1892.46,200867,500,1821633217205823221
1682731943000,USDC,WETH,15980.245806,-8.442683107192882522,15981.17846502362751947690606260139,1892.79,200867,500,1821633217205823221
1682731943000,USDC,WETH,1500,-0.792466551308211294,1500.074847314115579753103367155722,1892.82,200866,500,1821633217205823221
1682731955000,USDC,WETH,-7782.898616,4.115931153128005148,7787.20544577190716136466077989551,1890.92,200867,500,1821633217205823221
1682731991000,USDC,WETH,1000,-0.528317723026245245,1000.056229222637725574629636293264,1892.80,200867,500,1821633217205823221
1682732003000,USDC,WETH,-69.951345,0.036993486503981,69.9902528570937782148318603368213,1890.91,200867,500,1821633217205823221
1682732015000,USDC,WETH,5845.016726,-3.088005876036030718,5845.326407684856271800332944462845,1892.81,200867,500,1821633217205823221
1682732039000,USDC,WETH,806.348953,-0.426002932334091125,806.3890776694361312531311490814835,1892.82,200866,500,1821633217205823221
1682732075000,USDC,WETH,2067.478784,-1.092268515241808034,2067.578786790271607767425226546993,1892.83,200866,500,1821633217205823221
1682732123000,USDC,WETH,2000.678307,-1.056973029797372083,2000.771137199028788335102188896239,1892.84,200866,500,1821633217205823221
1682732135000,USDC,WETH,-1263.25612,0.668054889760475394,1263.946444425602373874853489233997,1890.95,200866,500,1821633217205823221
1682732183000,USDC,WETH,120,-0.063396905534164542,120.005591605381811015972623782497,1892.84,200866,500,1821633217205823221
1682732195000,USDC,WETH,-1900.264438,1.004930453318538742,1901.305558858789238952679836095566,1890.94,200866,500,1821633217205823221
1682732231000,USDC,WETH,-1890.934294,1,1891.973780088658332014905151399287,1890.93,200867,500,1821633217205823221
1682732255000,USDC,WETH,3600,-1.901914286907283754,3600.174488123829677486657818675159,1892.83,200866,500,1821633217205823221
1682732279000,USDC,WETH,777,-0.410494760272897402,777.036013446436061868120901018935,1892.84,200866,500,1821633217205823221
1682732387000,USDC,WETH,-3781.879863,2,3783.953197677316664029810302798574,1890.94,200866,500,1821633217205823221
1682732411000,USDC,WETH,3000,-1.584927672290106986,3000.144554788353606318145230392711,1892.83,200866,500,1821633217205823221
1682732423000,USDC,WETH,75149.30892,-39.679795461437750396,75131.84406385207094671605129878715,1893.89,200860,500,1821633217205823221
1682732423000,USDC,WETH,-10406.652965,5.5,10409.11296448762082608197833269608,1892.12,200860,500,1821633217205823221
1682732423000,USDC,WETH,250759.251215,-132.44587766810565624,250740.5273456110067722822628608584,1893.30,200862,500,1821633217205823221
1682732435000,USDC,WETH,-359.875227,0.19019894281088398,359.9621744769520726840506491509019,1892.10,200860,500,1821633217205823221
1682732459000,USDC,WETH,-6051.700485,3.198425717815818798,6053.131694577790170760805232392345,1892.09,200860,500,1821633217205823221
1682732483000,USDC,WETH,-369.638275,0.195361274295452118,369.726843448780229012564474129915,1892.08,200860,500,1821633217205823221
1682732507000,USDC,WETH,-5676.193172,3,5677.56986363337729439924758714656,1892.06,200861,500,1821633217205823221
1682732507000,USDC,WETH,-1999.060006,1.0565575242743999,1999.552288486545625787853021461322,1892.05,200861,500,1821633217205823221
1682732507000,USDC,WETH,-1971.845354,1.042177849854746656,1972.334728734654416046978811321642,1892.04,200861,500,1821633217205823221
1682732543000,USDC,WETH,-5046.336279,2.667154212829005448,5047.605844385082153050201178461755,1892.03,200861,500,1821633217205823221
1682732567000,USDC,WETH,2366.054298,-1.249290308369705528,2365.469297874046799516527012054556,1893.92,200861,500,1821633217205823221
1682732627000,USDC,WETH,-6068.689461,3.207552087511495074,6070.26421020201545192427562448344,1892.00,200861,500,1821633217205823221
1682732627000,USDC,WETH,-4965.198288,2.624283549920818026,4966.460148311006621797397237622865,1892.02,200861,500,1821633217205823221
1682732675000,USDC,WETH,1000,-0.528015330377403792,999.76180692913243779274374771729,1893.88,200861,500,1821633217205823221
1682732699000,USDC,WETH,-17027.654586,9,17032.24712590013188319774276143968,1891.96,200861,500,1821633217205823221
1682732759000,USDC,WETH,-999.616191,0.5283583114725082,999.8945309805599039523945267043465,1891.93,200861,500,1821633217205823221
1682732807000,USDC,WETH,1043.324471,-0.550909464275647128,1043.093136235339909259882259459923,1893.82,200861,500,1821633217205823221
1682732807000,USDC,WETH,1000,-0.528031681128829342,999.7772827697131294843193008837955,1893.83,200861,500,1821633217205823221
1682732819000,USDC,WETH,-943.128356,0.4985,943.389987633412860419341640730853,1891.93,200861,500,1821633217205823221
1682732831000,USDC,WETH,2385.462213,-1.260031769612395539,2385.339952761164431346235487365083,1893.18,200865,500,1821633217205823221
1682732831000,USDC,WETH,-175871.584293,92.974963025247336499,175935.7664795470396107128261827716,1891.60,200865,500,1821633217205823221
1682732831000,USDC,WETH,-1853.041393,0.97944636126227937,1853.557953059829781842962006038689,1891.93,200861,500,1821633217205823221
1682732855000,USDC,WETH,-1796.720386,0.95,1797.526730917236143226428402596411,1891.28,200865,500,1821633217205823221
1682732867000,USDC,WETH,-6957.304262,3.678644255039464234,6960.456151034700339384835460178585,1891.27,200865,500,1821633217205823221
1682732903000,USDC,WETH,1425.683377,-0.753074263804624516,1425.619771215553267297112411798769,1893.15,200865,500,1821633217205823221
1682732939000,USDC,WETH,649.420399,-0.343036057759773765,649.390772591192447142815810897583,1893.15,200865,500,1821633217205823221
1682732987000,USDC,WETH,315.215556,-0.166502624268730856,315.2010287556306379956794537934815,1893.16,200865,500,1821633217205823221
1682733155000,USDC,WETH,-5000,2.643746566437283537,5002.282576077886915703629351350965,1891.26,200865,500,1821633217205823221
1682733167000,USDC,WETH,-2554.568123,1.350736030979460275,2555.743683200915706498306664933489,1891.24,200865,500,1821633217205823221
1682733179000,USDC,WETH,1453.889114,-0.76798085196255488,1453.831592627263073524137953780568,1893.13,200865,500,1821633217205823221
1682733179000,USDC,WETH,300,-0.15846728748958204,299.9878760685714000933614292860252,1893.14,200865,500,1821633217205823221
1682733179000,USDC,WETH,-59.973735,0.03171138412263849,60.0014101043331179212945848441624,1891.24,200865,500,1821633217205823221
1682733227000,USDC,WETH,750,-0.39616781575254877,749.9693087625818587745427493633185,1893.14,200865,500,1821633217205823221
1682733251000,USDC,WETH,125,-0.066027913323904289,124.994831820373018339035860720235,1893.14,200865,500,1821633217205823221
1682733263000,USDC,WETH,-15517.492258,8.205026332309984749,15524.73046662413358463204411605055,1891.22,200865,500,1821633217205823221
1682733287000,USDC,WETH,-53851.456599,28.476400793368133418,53878.38799814890645083792219449815,1891.09,200866,500,1821633217205823221
1682733299000,USDC,WETH,200,-0.105658835265045389,200.0051464269878338223733364374275,1892.88,200866,500,1821633217205823221
1682733323000,USDC,WETH,14602.597547,-7.714356613390992292,14602.9423044582423296798716303987,1892.91,200866,500,1821633217205823221
1682733323000,USDC,WETH,-8918.949654,4.716450938935305216,8923.598695422137893126922158489715,1891.03,200866,500,1821633217205823221
1682733335000,USDC,WETH,3469.375,-1.832823923748621848,3469.456530899394618117293551190719,1892.91,200866,500,1821633217205823221
1682733359000,USDC,WETH,4995.150192,-2.638848697076157403,4995.247096894722008327961401120021,1892.93,200866,500,1821633217205823221
1682733395000,USDC,WETH,-10981.792358,5.807324410612276794,10987.53249489413480391164470141069,1891.02,200866,500,1821633217205823221
1682733407000,USDC,WETH,-1300,0.687466242934414342,1300.68724419103027689236466400227,1891.00,200866,500,1821633217205823221
1682733419000,USDC,WETH,-36668.966434,19.392002773460430865,36689.02640176489696378191041616251,1890.93,200867,500,1821633217205823221
1682733431000,USDC,WETH,1000,-0.528329177530596999,1000.063908717471057736362574490838,1892.76,200867,500,1821633217205823221
1682733527000,USDC,WETH,-1592.647997,0.842284964155524366,1593.547262598780308200702231578954,1890.87,200867,500,1821633217205823221
1682733551000,USDC,WETH,704.23,-0.372065790706895945,704.2755118811971167013150964477065,1892.76,200867,500,1821633217205823221
1682733599000,USDC,WETH,22500,-11.887156539825487613,22501.20136394005752784193224694975,1892.80,200866,500,1821633217205823221
1682733623000,USDC,WETH,-1890.944563,1,1892.061267960978613398926302346215,1890.94,200866,500,1821633217205823221
1682733647000,USDC,WETH,92757.16757,-49,92761.4441215879520565473888149645,1893.00,200865,500,1821633217205823221
1682733671000,USDC,WETH,-11399.613029,6.027523527039297946,11405.39390082983206258000399258743,1891.26,200865,500,1821633217205823221
1682733683000,USDC,WETH,100049.902008,-52.843771746874609476,100046.2833426493338796764463621712,1893.31,200863,500,1821633217205823221
1682733695000,USDC,WETH,-662.76454,0.350371708057499199,663.0402700147500606317816089457365,1891.60,200863,500,1821633217205823221
1682733695000,USDC,WETH,-11659.708202,6.164,11664.62861354547217299098172766207,1891.58,200863,500,1821633217205823221
1682733767000,USDC,WETH,-334.806032,0.177,334.94926660359321457160995551528,1891.56,200863,500,1821633217205823221
1682733779000,USDC,WETH,455.457935,-0.240541471310723516,455.4228750298503378465497141430683,1893.47,200863,500,1821633217205823221
1682733779000,USDC,WETH,-4127.536335,2.182053799944306859,4129.276262392608421193839681040496,1891.58,200863,500,1821633217205823221
1682733779000,USDC,WETH,8707.332605,-4.598616615883317643,8706.666144051605053146434657390765,1893.47,200863,500,1821633217205823221
1682733839000,USDC,WETH,2064.47886,-1.090312700815065487,2064.317424390065049855893453838698,1893.47,200863,500,1821633217205823221
1682733851000,USDC,WETH,-75185.024711,39.75,75219.42456732389988260732051826205,1891.45,200865,500,1821633217205823221
1682733863000,USDC,WETH,101562.5,-53.640608317127240279,101556.8590600598140525811959938843,1893.39,200863,500,1821633217205823221
1682733887000,USDC,WETH,-2929.375478,1.548560928152166838,2930.538458452631930308586474951402,1891.68,200863,500,1821633217205823221
1682733887000,USDC,WETH,520,-0.274614338526051778,519.9469083730274241137198036280735,1893.56,200863,500,1821633217205823221
1682733947000,USDC,WETH,-2710.26586,1.432739005987823668,2711.347893541123974581743571249126,1891.67,200863,500,1821633217205823221
1682733995000,USDC,WETH,-24318.492897,12.855921545654620208,24328.52019442306453698707733398664,1891.62,200863,500,1821633217205823221
1682734031000,USDC,WETH,1994.119082,-1.053155818791355954,1993.965240095191687101372804649048,1893.47,200863,500,1821633217205823221
1682734055000,USDC,WETH,305606.87385,-161.352302259897065273,305537.7491843414320456366751659075,1894.03,200857,500,1821633217205823221
1682734067000,USDC,WETH,115039.0625,-60.712650798272521376,114989.4578344961101417320477245132,1894.81,200855,500,1821633217205823221
1682734091000,USDC,WETH,-1517.950458,0.801819847938468803,1517.969066184371176322817043236608,1893.13,200855,500,1821633217205823221
1682734091000,USDC,WETH,991.25,-0.523079593973208853,990.7663826975199852545362424717525,1895.03,200855,500,1821633217205823221
1682734163000,USDC,WETH,579.912617,-0.306018553193922887,579.630100606090535293202724353206,1895.02,200855,500,1821633217205823221
1682734223000,USDC,WETH,-1773.827663,0.937180269971911405,1774.038353383937926697268458167503,1892.73,200857,500,1821633217205823221
1682734223000,USDC,WETH,-107777.546322,56.936851851685184584,107784.5700475655722844813177026083,1892.93,200857,500,1821633217205823221
1682734235000,USDC,WETH,-187723.874549,99.2,187763.5647314290784491734891927445,1892.38,200861,500,1821633217205823221
1682734271000,USDC,WETH,-175794.253546,92.93358337055265627,175867.0332639182955585767215286086,1891.61,200865,500,1821633217205823221
1682734271000,USDC,WETH,-26871.994045,14.203084658494472071,26880.48053400375687615355445418027,1891.98,200861,500,1821633217205823221
1682734271000,USDC,WETH,167.654692,-0.088557056639390097,167.6544804882477487539878692328117,1893.18,200865,500,1821633217205823221
1682734283000,USDC,WETH,199338.815551,-105.272631596249003905,199319.3214202733377520388538137054,1893.55,200861,500,1821633217205823221
1682734295000,USDC,WETH,-378.403908,0.2,378.5197512921957226797852604692429,1892.02,200861,500,1821633217205823221
1682734331000,USDC,WETH,-1049.461114,0.554678501656965003,1049.783117695160748603278730529433,1892.02,200861,500,1821633217205823221
1682734355000,USDC,WETH,201.9899,-0.106652389395465942,201.9509271814957296145190537698203,1893.91,200861,500,1821633217205823221
1682734403000,USDC,WETH,111,-0.058608928664637563,110.9785663822230674863023271360971,1893.91,200861,500,1821633217205823221
1682734451000,USDC,WETH,-720.11864,0.380609405606329566,720.3399914904110151047554061722955,1892.01,200861,500,1821633217205823221
1682734463000,USDC,WETH,-3573.045169,1.888494720212645562,3574.150887642997544445798763966145,1892.01,200861,500,1821633217205823221
1682734535000,USDC,WETH,-5026.977429,2.656977153724315539,5028.55402549387561376251428689618,1891.99,200861,500,1821633217205823221
1682734535000,USDC,WETH,2045.870411,-1.080253934478334875,2045.491682458331409129244146903421,1893.88,200861,500,1821633217205823221
1682734703000,USDC,WETH,-2364.981455,1.25,2365.726960576223266748657877932768,1891.99,200861,500,1821633217205823221
1682734763000,USDC,WETH,-77.874348,0.041160223882969258,77.89898860788683553215292679185445,1891.98,200861,500,1821633217205823221
1682734763000,USDC,WETH,4000,-2.112064808817187558,3999.257286718162136876251683544702,1893.88,200861,500,1821633217205823221
1682734763000,USDC,WETH,3500,-1.848043294472708393,3499.337429050928877790772257398313,1893.90,200861,500,1821633217205823221
1682734811000,USDC,WETH,1500,-0.792014722452444594,1499.712413388432810003305056033185,1893.90,200861,500,1821633217205823221
1682734859000,USDC,WETH,5644.835933,-2.980508168304813804,5643.7341726743215602964894752857,1893.92,200861,500,1821633217205823221
1682734871000,USDC,WETH,196.007665,-0.103492670274058006,195.9688543608608176446094537597917,1893.93,200861,500,1821633217205823221
1682734931000,USDC,WETH,-2510.600027,1.326934370838242222,2511.361474692008041285756460870199,1892.03,200861,500,1821633217205823221
1682734943000,USDC,WETH,-8514.045439,4.5,8516.673158574403760295168360557965,1892.01,200861,500,1821633217205823221
1682735063000,USDC,WETH,-2007.402264,1.061,2008.032046635098308816260806789334,1891.99,200861,500,1821633217205823221
1682735075000,USDC,WETH,94726.5625,-50.012591720894143952,94704.6497573679179208461165567825,1894.05,200859,500,1821633217205823221
1682735111000,USDC,WETH,-9461.586781,5,9463.738322804893066994631511731075,1892.32,200859,500,1821633217205823221
1682735147000,USDC,WETH,-4091.623947,2.162257949431566468,4092.581534319620450675490665321392,1892.29,200859,500,1821633217205823221
1682735147000,USDC,WETH,3196.69619,-1.687637364343410768,3195.847037227506486797845332980733,1894.18,200859,500,1821633217205823221
1682735159000,USDC,WETH,-85.153335,0.045,85.17317189074403760295168360557965,1892.30,200859,500,1821633217205823221
1682735255000,USDC,WETH,99765.625,-52.66414150014875158,99734.1088254633685318615199119221,1894.37,200857,500,1821633217205823221
1682735279000,USDC,WETH,-5024.717583,2.653848980578582487,5024.463008246381712923957235170835,1893.37,200854,500,1821633217205823221
1682735279000,USDC,WETH,192578.125,-101.628800235878770751,192489.7655105257498382474185529222,1894.92,200854,500,1821633217205823221
1682735291000,USDC,WETH,600,-0.316579914356527459,599.671060264648739845989444177565,1895.26,200854,500,1821633217205823221
1682735291000,USDC,WETH,-94.668016,0.05,94.66345732304893066994631511731075,1893.36,200854,500,1821633217205823221
1682735303000,USDC,WETH,21046.00927,-11.10433784996454387,21034.24854571821998264568579085972,1895.30,200853,500,1821633217205823221
1682735387000,USDC,WETH,4956.25,-2.614960093799397637,4953.417424825477374751798665942042,1895.34,200853,500,1821633217205823221
1682735459000,USDC,WETH,-375.378053,0.19825,375.350293065889010106337139440137,1893.46,200853,500,1821633217205823221
1682735459000,USDC,WETH,-4354.933296,2.3,4354.621316860250810817530495396294,1893.45,200853,500,1821633217205823221
1682735543000,USDC,WETH,200,-0.105522163659598283,199.8861179477086485589672251988171,1895.34,200853,500,1821633217205823221
1682735555000,USDC,WETH,-4822.183511,2.546793857215275845,4821.858771526454246740844127737446,1893.43,200853,500,1821633217205823221
1682735615000,USDC,WETH,-614.191602,0.324381625322033285,614.1518749401484025594399543979075,1893.42,200853,500,1821633217205823221
1682735639000,USDC,WETH,4956.25,-2.614985757309028387,4953.441717621047777957802699068194,1895.33,200853,500,1821633217205823221
1682735675000,USDC,WETH,350.65,-0.185006808560323276,350.45040740349671174053656864994,1895.34,200853,500,1821633217205823221
1682735675000,USDC,WETH,3992.63,-2.106546685438730577,3990.348891902181912123275119807897,1895.34,200853,500,1821633217205823221
1682735711000,USDC,WETH,182.90551,-0.09650216055594716,182.8006373519486506170608407970938,1895.35,200853,500,1821633217205823221
1682735747000,USDC,WETH,-75.076004,0.03965,75.0702553131778020212674278880274,1893.47,200853,500,1821633217205823221
1682735747000,USDC,WETH,3016.946527,-1.591756022023773081,3015.21198308064251253979557800938,1895.36,200853,500,1821633217205823221
1682735879000,USDC,WETH,101757.8125,-53.682433993909420894,101694.1070350531028862904236694844,1895.55,200851,500,1821633217205823221
1682735927000,USDC,WETH,141015.625,-74.375195882330473876,140910.5537880919532522925646706047,1896.00,200848,500,1821633217205823221
1682735939000,USDC,WETH,2810.865302,-1.482307206222536614,2808.568326961995744349834634382941,1896.28,200848,500,1821633217205823221
1682735987000,USDC,WETH,101757.8125,-53.659161117690988497,101672.0771867414651508956664136263,1896.37,200847,500,1821633217205823221
1682735987000,USDC,WETH,1490.76113,-0.786029049762875654,1489.427006543926587214912904231001,1896.57,200847,500,1821633217205823221
1682735987000,USDC,WETH,-27274.233916,14.39779399991167668,27265.91018765035323216371204077813,1894.33,200849,500,1821633217205823221
1682736059000,USDC,WETH,84623.150821,-44.615084096469731647,84543.72264624860906289294556058635,1896.74,200845,500,1821633217205823221
1682736143000,USDC,WETH,-64.65812,0.034120287162410068,64.62694804282328624921202687656695,1895.01,200845,500,1821633217205823221
1682736203000,USDC,WETH,-530.569197,0.279983151906785276,530.3135664895940860696209613287145,1895.00,200845,500,1821633217205823221
1682736263000,USDC,WETH,18969.359929,-10,18950.56982910978613398926302346215,1896.94,200845,500,1821633217205823221
1682736287000,USDC,WETH,48637.304692,-25.638167609291481938,48587.45943799591502074918752780093,1897.07,200844,500,1821633217205823221
1682736287000,USDC,WETH,150,-0.079065533902776247,149.8425636010251104187631342742692,1897.16,200844,500,1821633217205823221
1682736347000,USDC,WETH,240,-0.126504804104009109,239.7480542992586302072423945364304,1897.16,200844,500,1821633217205823221
1682736371000,USDC,WETH,-2369.075453,1.25,2367.773959576223266748657877932768,1895.26,200844,500,1821633217205823221
1682736383000,USDC,WETH,-2680.484554,1.414316665935851,2679.018856343087674707187058843079,1895.25,200844,500,1821633217205823221
1682736407000,USDC,WETH,-2560.139358,1.350276595639605345,2558.226633108474677726698139248629,1896.01,200840,500,1821633217205823221
1682736407000,USDC,WETH,200000,-105.400303421564067985,199770.7663884979473710549248704966,1897.53,200840,500,1821633217205823221
1682736467000,USDC,WETH,7480.950437,-3.941661607201900652,7471.608684233399137625134335583845,1897.92,200840,500,1821633217205823221
1682736491000,USDC,WETH,-147.321893,0.0777,147.2109107480180382610965736923009,1896.03,200840,500,1821633217205823221
1682736503000,USDC,WETH,-37729.675322,19.9,37701.9757575351949590586653010505,1895.96,200840,500,1821633217205823221
1682736503000,USDC,WETH,500,-0.263444522016282068,499.3739116581111485215676512015018,1897.93,200840,500,1821633217205823221
1682736599000,USDC,WETH,-1065.543054,0.562028241913987769,1064.78175851189334877532251987775,1895.89,200840,500,1821633217205823221
1682736635000,USDC,WETH,400,-0.210772049731033311,399.5146838026762952065139294300895,1897.78,200840,500,1821633217205823221
1682736647000,USDC,WETH,-189.588793,0.1,189.4533819097245977842143984977412,1895.89,200840,500,1821633217205823221
1682736659000,USDC,WETH,-5739.51804,3.027369150657063144,5735.435942618972878892527993920995,1895.88,200840,500,1821633217205823221
1682736659000,USDC,WETH,45.041475,-0.023733985272143068,44.98708715590409161111266846791521,1897.76,200840,500,1821633217205823221
1682736683000,USDC,WETH,1897.766564,-1,1895.473136097245977842143984977412,1897.77,200840,500,1821633217205823221
1682736683000,USDC,WETH,-268.134166,0.141430491453728426,267.9437512700865849611026127491989,1895.87,200840,500,1821633217205823221
1682736695000,USDC,WETH,114843.75,-60.508068631538268587,114698.1988576339557585946142802816,1897.99,200838,500,1821633217205823221
1682736743000,USDC,WETH,132892.801672,-70,132707.6906228072184489500789484189,1898.47,200835,500,1821633217205823221
1682736803000,USDC,WETH,-379.365204,0.2,379.0005728194491955684287969954824,1896.83,200835,500,1821633217205823221
1682736899000,USDC,WETH,967.740133,-0.509678823456487786,966.3268696321327642749828711823825,1898.73,200835,500,1821633217205823221
1682736911000,USDC,WETH,2000,-1.053335021458844148,1997.076244278246743221215408950612,1898.73,200835,500,1821633217205823221
1682736923000,USDC,WETH,100,-0.052666638683248439,99.85370582696851089714928696035625,1898.74,200835,500,1821633217205823221
1682736935000,USDC,WETH,550,-0.289627529592312353,549.158480979332742073875370386687,1898.99,200834,500,1821633217205823221
1682736935000,USDC,WETH,65900,-34.704987301983486882,65801.38886663132318422386975278965,1898.86,200834,500,1821633217205823221
1682736959000,USDC,WETH,-6151.283433,3.242498360797047473,6144.95776675743641484539681307162,1897.08,200834,500,1821633217205823221
1682736995000,USDC,WETH,3500,-1.843099746090981496,3494.659519738933282084566375351357,1898.97,200834,500,1821633217205823221
1682737031000,USDC,WETH,-1398.148229,0.737,1396.739050390215382144546150799161,1897.08,200834,500,1821633217205823221
1682737043000,USDC,WETH,-284.561568,0.15,284.275004330437323367275335983547,1897.08,200834,500,1821633217205823221
1682737079000,USDC,WETH,-2881.840208,1.519099805703897049,2878.942720766957907717336953810664,1897.07,200834,500,1821633217205823221
1682737115000,USDC,WETH,-2845.589951,1.5,2842.73717880437323367275335983547,1897.06,200834,500,1821633217205823221
1682737151000,USDC,WETH,-4742.613332,2.5,4737.877004840622056121255599725783,1897.05,200834,500,1821633217205823221
1682737199000,USDC,WETH,-11711.38901,6.17359254116770056,11699.80180964480872532660023602635,1897.01,200835,500,1821633217205823221
1682737247000,USDC,WETH,-3793.967393,2,3790.243501281165055053138210481042,1896.98,200835,500,1821633217205823221
1682737271000,USDC,WETH,3225.313772,-1.698549111105522327,3220.554265251431317010424113776498,1898.86,200835,500,1821633217205823221
1682737271000,USDC,WETH,-4401.917694,2.320501952802129055,4397.615384078235570581797544277921,1896.97,200835,500,1821633217205823221
1682737283000,USDC,WETH,100,-0.052662887763619467,99.8522643032812990210647537763242,1898.87,200835,500,1821633217205823221
1682737379000,USDC,WETH,-147.685532,0.077853303825487875,147.5410314011059523978912157607657,1896.97,200835,500,1821633217205823221
1682737463000,USDC,WETH,595.111225,-0.313402629031230286,594.2319126287854715561016009738145,1898.87,200835,500,1821633217205823221
1682737547000,USDC,WETH,5750,-3.028095293076131648,5741.485551714040893646321027518645,1898.88,200834,500,1821633217205823221
1682737559000,USDC,WETH,-246.491605,0.129937887493184194,246.2488922545114477527198429231077,1897.00,200834,500,1821633217205823221
1682737583000,USDC,WETH,75,-0.039496681140257471,74.88873941255389157617057850180475,1898.89,200834,500,1821633217205823221
1682737595000,USDC,WETH,-7301.482284,3.849000523036110565,7294.32013142297443934564516821452,1896.98,200835,500,1821633217205823221
1682737619000,USDC,WETH,-3547.316036,1.87,3543.855935470389326474684226799775,1896.96,200835,500,1821633217205823221
1682737631000,USDC,WETH,4960,-2.612091434653975858,4952.683859821769845046557826766806,1898.86,200835,500,1821633217205823221
1682737643000,USDC,WETH,100,-0.052663079264704896,99.8524455839351063659406827165785,1898.86,200835,500,1821633217205823221
1682737643000,USDC,WETH,-2685.784443,1.415830463768015799,2683.15967521832998762944783102794,1896.97,200835,500,1821633217205823221
1682737643000,USDC,WETH,666.328874,-0.35090957603551214,665.345934710417554749237394853728,1898.86,200835,500,1821633217205823221
1682737655000,USDC,WETH,2000,-1.053256126377354003,1997.043744104877674852508124120926,1898.87,200835,500,1821633217205823221
1682737655000,USDC,WETH,1500.269013,-0.790086574474932811,1498.054083375315359556742658059407,1898.87,200835,500,1821633217205823221
1682737667000,USDC,WETH,-2375.875648,1.252455412637944969,2373.549569014014608168323646065367,1896.97,200835,500,1821633217205823221
1682737691000,USDC,WETH,134.847886,-0.071014870009647472,134.6487424655124928942466045526737,1898.87,200835,500,1821633217205823221
1682737799000,USDC,WETH,-588.060401,0.31,587.4854702410805835332364226245615,1896.97,200835,500,1821633217205823221
1682737859000,USDC,WETH,1657.4084,-0.872839552352991387,1654.963243234698497178932835487022,1898.87,200835,500,1821633217205823221
1682737871000,USDC,WETH,-113.818444,0.06,113.7072239471353016145033484179856,1896.97,200835,500,1821633217205823221
1682737895000,USDC,WETH,-375.506023,0.197950101185360599,375.139182042695687969676112091474,1896.97,200835,500,1821633217205823221
1682738015000,USDC,WETH,78.316676,-0.041243811315835853,78.20110592373542941476183088079145,1898.87,200835,500,1821633217205823221
1682738051000,USDC,WETH,-17072.45805,9,17055.92931707029524217550226269784,1896.94,200835,500,1821633217205823221
1682738087000,USDC,WETH,3284.177129,-1.729596162150693158,3279.38200092654691414435604355781,1898.81,200835,500,1821633217205823221
1682738099000,USDC,WETH,1044.350934,-0.55,1042.823818182073598132947360498201,1898.82,200835,500,1821633217205823221
1682738147000,USDC,WETH,-11361.757545,5.989639811109148499,11350.87166673360894354084543663843,1896.90,200835,500,1821633217205823221
1682738195000,USDC,WETH,1725.128235,-0.908544962141237286,1722.623092979299404324059813535255,1898.78,200835,500,1821633217205823221
1682738231000,USDC,WETH,-47.422157,0.025,47.37691264463970900604306184082732,1896.89,200835,500,1821633217205823221
1682738243000,USDC,WETH,-100.679849,0.053076383921782236,100.5838004556048042745771698694459,1896.89,200835,500,1821633217205823221
1682738291000,USDC,WETH,-1365.755881,0.72,1364.453963865623619374040181015827,1896.88,200835,500,1821633217205823221
1682738327000,USDC,WETH,1000,-0.52665374372202565,998.5522422544731986990433084490865,1898.78,200835,500,1821633217205823221
1682738339000,USDC,WETH,-23474.648744,12.375666717181728312,23452.64295616174885374455990470778,1896.84,200836,500,1821633217205823221
1682738363000,USDC,WETH,-56.903812,0.03,56.8511482838039424918703619718075,1896.79,200836,500,1821633217205823221
1682738411000,USDC,WETH,-118.60319,0.06252825958592332,118.4934347855074248587854533907562,1896.79,200836,500,1821633217205823221
1682738447000,USDC,WETH,-9104.522944,4.8,9096.1402374086307986992579154892,1896.78,200836,500,1821633217205823221
1682738459000,USDC,WETH,-3793.50148,2,3790.033558920262832791357464787167,1896.75,200836,500,1821633217205823221
1682738471000,USDC,WETH,87.3112,-0.045986136741875931,87.18798130095576685863151392105175,1898.64,200836,500,1821633217205823221
1682738615000,USDC,WETH,925.132986,-0.487259920830633724,923.826911228543156374922895421936,1898.64,200836,500,1821633217205823221
1682738651000,USDC,WETH,-5702.082429,3.006259929048735096,5696.891350938209260151957394703005,1896.74,200836,500,1821633217205823221
1682738687000,USDC,WETH,102.317941,-0.053890585040830555,102.1740298796829103406811344651204,1898.62,200836,500,1821633217205823221
1682738699000,USDC,WETH,1598.42017,-0.841882160256849762,1596.170599784884491438232728683525,1898.63,200836,500,1821633217205823221
1682738711000,USDC,WETH,-1788.226077,0.942794992125818361,1786.601818677938193632716228997092,1896.73,200836,500,1821633217205823221
1682738735000,USDC,WETH,50029.869513,-26.349265920951286908,49958.24098614913390814607722310376,1898.72,200835,500,1821633217205823221
1682738735000,USDC,WETH,248107.493497,-130.631367502484169559,247714.8086007560214261491469919901,1899.29,200830,500,1821633217205823221
1682738735000,USDC,WETH,250139.132775,-131.634414723832365676,249757.7323085334754739655686508895,1900.26,200825,500,1821633217205823221
1682738771000,USDC,WETH,-949.025991,0.5,948.1283725373346209868657708530905,1898.05,200829,500,1821633217205823221
1682738771000,USDC,WETH,-203517.063919,107.201909970630448753,203303.4779792250831833057387314251,1898.45,200829,500,1821633217205823221
1682738795000,USDC,WETH,300,-0.15789887487986717,299.5666703199984281547309426351624,1899.95,200829,500,1821633217205823221
1682738867000,USDC,WETH,-145119.118059,76.416911228803786159,145034.122482972891654597617885969,1899.04,200825,500,1821633217205823221
1682738867000,USDC,WETH,-168416.962593,88.656830004921562857,168291.5062245415526003464834466934,1899.65,200822,500,1821633217205823221
1682738867000,USDC,WETH,148547.764795,-78.173267829549947608,148322.005832165679004828324995357,1900.24,200826,500,1821633217205823221
1682738867000,USDC,WETH,350191.633707,-184.195041955087507229,349625.3188506544218131893757933438,1901.20,200819,500,1821633217205823221
1682738879000,USDC,WETH,-3359.192452,1.769152326368126084,3357.47799947708066587093809013632,1898.76,200825,500,1821633217205823221
1682738891000,USDC,WETH,-149364.572614,78.676551913876386162,149299.9156025611896936749022379165,1898.46,200828,500,1821633217205823221
1682738927000,USDC,WETH,10572.148066,-5.564008480559074324,10563.03536519191744044844469657904,1900.10,200828,500,1821633217205823221
1682738939000,USDC,WETH,-121539.463905,64.036152926804026062,121502.2603154185139555470535444043,1897.98,200831,500,1821633217205823221
1682738963000,USDC,WETH,11929.376576,-6.279710733191697935,11920.42879993276458781777446103091,1899.67,200830,500,1821633217205823221
1682738987000,USDC,WETH,190.044511,-0.100039582904588179,189.9007972061541304651999827361593,1899.69,200830,500,1821633217205823221
1682739023000,USDC,WETH,-60725.669071,32,60711.9548181444908991828266603836,1897.68,200832,500,1821633217205823221
1682739071000,USDC,WETH,-12892.786468,6.794491479509300733,12890.26403051534377228087020323314,1897.54,200832,500,1821633217205823221
1682739095000,USDC,WETH,-5000,2.635045215403719172,4999.067216765985247084850389625257,1897.50,200832,500,1821633217205823221
1682739131000,USDC,WETH,-66217.978457,34.9,66208.0212129550262628019377359583,1897.36,200833,500,1821633217205823221
1682739263000,USDC,WETH,-225.676118,0.11895,225.6498026834076038384037390742762,1897.24,200833,500,1821633217205823221
1682739275000,USDC,WETH,55185.656513,-29.056707517309450451,55150.10308396075355684935571807525,1899.24,200832,500,1821633217205823221
1682739275000,USDC,WETH,-12731.160921,6.709711837155995648,12729.04655518489382957753072098049,1897.42,200832,500,1821633217205823221
1682739299000,USDC,WETH,100,-0.052651049721218587,99.9340624280156419758032007832892,1899.30,200832,500,1821633217205823221
1682739311000,USDC,WETH,200,-0.105302067346550637,199.8680944164102221291860373761447,1899.30,200832,500,1821633217205823221
1682739359000,USDC,WETH,-2476.412711,1.305164746411977635,2476.019813565134132334050395331572,1897.39,200832,500,1821633217205823221
1682739359000,USDC,WETH,1982.5,-1.043809683141400711,1981.19527472725182083511882467164,1899.29,200832,500,1821633217205823221
1682739395000,USDC,WETH,189024.407274,-99.523,188899.4517799489277579609527018847,1899.30,200832,500,1821633217205823221
1682739407000,USDC,WETH,-2087.149044,1.1,2086.810487126089652982296031792382,1897.41,200832,500,1821633217205823221
1682739419000,USDC,WETH,-9486.929497,5,9485.44640816404387719225468996537,1897.39,200833,500,1821633217205823221
1682739527000,USDC,WETH,-948.682886,0.5,948.539608966404387719225468996537,1897.37,200833,500,1821633217205823221
1682739563000,USDC,WETH,-1878.512926,0.990066518605383353,1878.23191761483154565657579067539,1897.36,200833,500,1821633217205823221
1682739599000,USDC,WETH,-400.3421,0.211,400.2826760378226516175131479165386,1897.36,200833,500,1821633217205823221
1682739647000,USDC,WETH,-8955.215436,4.719884385413116683,8953.92875627273935520036505100454,1897.34,200833,500,1821633217205823221
1682739695000,USDC,WETH,-36047.770606,19,36043.41560972336673333056782186841,1897.25,200834,500,1821633217205823221
1682739791000,USDC,WETH,2000,-1.053143742120249224,1998.7976620248362492950545869083,1899.08,200834,500,1821633217205823221
1682739791000,USDC,WETH,-2080.338511,1.096543921410651211,2080.12748836907974537865337997828,1897.18,200834,500,1821633217205823221
1682739791000,USDC,WETH,7780.539769,-4.096972670026286549,7775.82373678189589595827280267668,1899.09,200833,500,1821633217205823221
1682739815000,USDC,WETH,-157353.241394,82.885084902073903422,157284.531190066318845888740713494,1898.45,200828,500,1821633217205823221
1682739815000,USDC,WETH,400198.810151,-210.644034522920660419,399873.4347605658936422169278758584,1899.88,200825,500,1821633217205823221
1682739863000,USDC,WETH,-23331.13149,12.291820333967370188,23323.08306251176643365553385811014,1898.10,200829,500,1821633217205823221
1682739875000,USDC,WETH,10000,-5.263224354387816608,9991.622671840830887002395988082465,1899.98,200829,500,1821633217205823221
1682739887000,USDC,WETH,31179.686869,-16.409882584895031446,31152.91588546252632262072082443318,1900.06,200828,500,1821633217205823221
1682739899000,USDC,WETH,2483.750904,-1.307609528360311836,2482.007532297309834179706582595421,1899.46,200831,500,1821633217205823221
1682739899000,USDC,WETH,-171256.044729,90.235173850622580773,171206.7302557497596919393230359743,1897.89,200832,500,1821633217205823221
1682739923000,USDC,WETH,-136.759384,0.072071499437553416,136.732037703473150485273903506988,1897.55,200832,500,1821633217205823221
1682739923000,USDC,WETH,-3415.605086,1.8,3414.915940479055795789211688387533,1897.56,200832,500,1821633217205823221
1682739935000,USDC,WETH,-9468.689683,4.99,9466.84253784471578943787018058544,1897.53,200832,500,1821633217205823221
1682739947000,USDC,WETH,-22731.701329,11.98,22727.63872105504912975264223715703,1897.47,200832,500,1821633217205823221
1682739947000,USDC,WETH,-17719.711509,9.338978623853384879,17716.9088253614605151370246151093,1897.39,200833,500,1821633217205823221
1682739959000,USDC,WETH,9164.594208,-4.825311447612628761,9158.604781349208688754151130392655,1899.28,200832,500,1821633217205823221
1682740067000,USDC,WETH,582.827546,-0.306865368359383279,582.443762749249299710134833834235,1899.29,200832,500,1821633217205823221
1682740079000,USDC,WETH,889.292176,-0.468221800249053804,888.7059258871789180590999853263335,1899.30,200832,500,1821633217205823221
1682740091000,USDC,WETH,-1239.221041,0.653116259961339731,1239.023585773009381398405259631518,1897.40,200832,500,1821633217205823221
1682740115000,USDC,WETH,-425.097259,0.224042678812415648,425.0298842820954146791471060774959,1897.39,200832,500,1821633217205823221
1682740211000,USDC,WETH,592.037992,-0.311714892998303054,591.6482571284185932633697101020155,1899.29,200832,500,1821633217205823221
1682740223000,USDC,WETH,-379.478968,0.2,379.4187503865617550876901875986148,1897.39,200832,500,1821633217205823221
1682740259000,USDC,WETH,-5716.371072,3.012765911810139094,5715.481675732939966227588034840465,1897.38,200833,500,1821633217205823221
1682740319000,USDC,WETH,-8768.542238,4.621455433185963008,8767.24250002451714086249761826137,1897.36,200833,500,1821633217205823221
1682740343000,USDC,WETH,2000,-1.053052327171393867,1998.71096442265800340006088572287,1899.24,200833,500,1821633217205823221
1682740355000,USDC,WETH,-1382.729897,0.728771601455998352,1382.529262137667640107335143372236,1897.34,200833,500,1821633217205823221
1682740391000,USDC,WETH,-153.561831,0.0809353126680737,153.5396691582360878172286734627972,1897.34,200833,500,1821633217205823221
1682740403000,USDC,WETH,10000,-5.265181785394839709,9993.47909222790314004370489178406,1899.27,200832,500,1821633217205823221
1682740403000,USDC,WETH,3000,-1.579575399802749356,2998.063515184227407345717020076699,1899.24,200833,500,1821633217205823221
1682740415000,USDC,WETH,-169.917146,0.089553103673521,169.8904080371658592258607662526213,1897.39,200832,500,1821633217205823221
1682740415000,USDC,WETH,646.462649,-0.34037077171092937,646.037715887784849862854033863305,1899.29,200832,500,1821633217205823221
1682740415000,USDC,WETH,-18067.995218,9.522717130635992312,18065.30760572889691072032648963621,1897.36,200833,500,1821633217205823221
1682740427000,USDC,WETH,1878.512926,-0.989094642512279378,1877.310193893038546816773840823375,1899.22,200833,500,1821633217205823221
1682740499000,USDC,WETH,400196.9781,-210.629940441114104923,399859.1519595785954748717403172769,1900.00,200825,500,1821633217205823221
1682740499000,USDC,WETH,50027.48762,-26.318215600136939463,49973.84294818669894996718490191418,1900.87,200824,500,1821633217205823221
1682740499000,USDC,WETH,250123.678043,-131.543676037543918062,249817.3788644643655026190748838328,1901.45,200818,500,1821633217205823221
1682740511000,USDC,WETH,-319355.92835,168.133868347409432576,319135.5081893568870527469981659894,1899.41,200825,500,1821633217205823221
1682740523000,USDC,WETH,-236524.170179,124.595154058413104342,236427.672175102200923066437673511,1898.34,200830,500,1821633217205823221
1682740547000,USDC,WETH,250,-0.131593811308915414,249.8030879504335482092939979144354,1899.79,200830,500,1821633217205823221
1682740559000,USDC,WETH,-948.942365,0.5,948.669348466404387719225468996537,1897.88,200830,500,1821633217205823221
1682740583000,USDC,WETH,5311.371038,-2.79576383080272246,5307.17768108371980130149433860015,1899.79,200830,500,1821633217205823221
1682740607000,USDC,WETH,-1137.579177,0.599387990191838973,1137.246959802518445279371616922784,1897.90,200830,500,1821633217205823221
1682740619000,USDC,WETH,-142.342403,0.075,142.3009263949606581578838203494806,1897.90,200830,500,1821633217205823221
1682740655000,USDC,WETH,-2166.870965,1.141723756008717722,2166.242104779217030290958701330609,1897.89,200830,500,1821633217205823221
1682740679000,USDC,WETH,2500,-1.315931994923115009,2498.025077058105814371140727238541,1899.79,200830,500,1821633217205823221
1682740727000,USDC,WETH,808.721381,-0.42568750516387633,808.081158947048905521109969569829,1899.80,200830,500,1821633217205823221
1682740763000,USDC,WETH,6115.676684,-3.21909238468155392,6110.813751784823966484710672761635,1899.81,200830,500,1821633217205823221
1682740787000,USDC,WETH,335,-0.176331898875850124,334.7325260966032247686135617122545,1899.83,200830,500,1821633217205823221
1682740787000,USDC,WETH,690.542929,-0.363476474572754814,689.991219728669503307084101637533,1899.83,200830,500,1821633217205823221
1682740811000,USDC,WETH,11920.915274,-6.274652281670318463,11911.31484508995929307773115080965,1899.85,200829,500,1821633217205823221
1682740847000,USDC,WETH,-22109.788823,11.649400046448542571,22103.14268476968994655400547461179,1897.93,200830,500,1821633217205823221
1682740859000,USDC,WETH,-1558.844674,0.821357552138708132,1558.39482665366152787629564385637,1897.89,200830,500,1821633217205823221
1682741003000,USDC,WETH,-5611.413697,2.956683682576876051,5609.814807741498357513554207434795,1897.87,200830,500,1821633217205823221
1682741027000,USDC,WETH,8074.08604,-4.25,8067.727430714437295613416486470565,1899.78,200830,500,1821633217205823221
1682741027000,USDC,WETH,1734.6875,-0.913105869501182968,1733.33000730123989498595087840072,1899.77,200830,500,1821633217205823221
1682741063000,USDC,WETH,-341.997472,0.180197783205011732,341.8976526140566209289457466580583,1897.90,200830,500,1821633217205823221
1682741087000,USDC,WETH,126886.786382,-66.780970339300147812,126778.2205037059604574525620951845,1900.04,200827,500,1821633217205823221
1682741231000,USDC,WETH,-133.696654,0.070426379387000203,133.6404468819393663360066153868677,1898.39,200827,500,1821633217205823221
1682741243000,USDC,WETH,10180.882254,-5.35749043041597867,10171.46539957163906222180827809364,1900.31,200827,500,1821633217205823221
1682741255000,USDC,WETH,2028.256242,-1.067297487799598795,2026.349143510241223072899927098812,1900.37,200827,500,1821633217205823221
1682741255000,USDC,WETH,9000,-4.735981959570218411,8991.587918556351010066340735939195,1900.35,200827,500,1821633217205823221
1682741303000,USDC,WETH,-78599.921306,41.405017195762341849,78568.3270850758771449464299373983,1898.32,200828,500,1821633217205823221
1682741339000,USDC,WETH,-49.973069,0.026327013095055002,49.95497715009718698614798055932536,1898.17,200828,500,1821633217205823221
1682741363000,USDC,WETH,-33308.196495,17.548152590862979105,33296.70179687166423640163945029511,1898.10,200829,500,1821633217205823221
1682741387000,USDC,WETH,-218512.814868,114.965485459015577473,218289.2521422050382559508100278412,1900.68,200817,500,1821633217205823221
1682741387000,USDC,WETH,-161030.994066,84.757278450302726769,160898.989019874805027737777713826,1899.91,200821,500,1821633217205823221
1682741387000,USDC,WETH,625672.982868,-329.102372843056890245,624955.9746687387749382481002085325,1901.15,200816,500,1821633217205823221
1682741387000,USDC,WETH,156418.245719,-82.208073285467811749,156174.9580187012004539219545411321,1902.71,200813,500,1821633217205823221
1682741411000,USDC,WETH,-148782.514903,78.335324192470620945,148684.1915764065525630823333123751,1899.30,200824,500,1821633217205823221
1682741447000,USDC,WETH,15,-0.00789093079390881,14.9837298204787620435117505260355,1900.92,200824,500,1821633217205823221
1682741447000,USDC,WETH,-949.507093,0.5,948.951712466404387719225468996537,1899.01,200824,500,1821633217205823221
1682741447000,USDC,WETH,-60821.607546,32.03,60787.93828480786507729358354391815,1898.90,200825,500,1821633217205823221
1682741459000,USDC,WETH,300147.626944,-157.915479755145722112,299840.2752271899265145393422840551,1900.69,200825,500,1821633217205823221
1682741471000,USDC,WETH,-1686.241032,0.888061218642995398,1685.354518292796932189835711848311,1898.79,200825,500,1821633217205823221
1682741483000,USDC,WETH,-4983.026073,2.624335492085847609,4980.423190955300586112986640101525,1898.78,200825,500,1821633217205823221
1682741507000,USDC,WETH,121539.463905,-63.937803353816469567,121408.1101251007786354139810823156,1900.90,200823,500,1821633217205823221
1682741531000,USDC,WETH,385,-0.202510413438991869,384.5601332837364716719930622825417,1901.14,200823,500,1821633217205823221
1682741723000,USDC,WETH,56886.182617,-29.920453353298444061,56819.53951853495254851475484287915,1901.25,200822,500,1821633217205823221
1682741747000,USDC,WETH,-62035.754282,32.625970447771113447,61960.22783941434266179602411764165,1901.42,200812,500,1821633217205823221
1682741747000,USDC,WETH,238215.963409,-125.256407606388556149,237900.6992294796750072338699590313,1901.83,200817,500,1821633217205823221
1682741747000,USDC,WETH,278761.27774,-146.494320795680071156,278315.3153616111681242752534664654,1902.88,200811,500,1821633217205823221
1682741771000,USDC,WETH,2531.260402,-1.33,2526.997322470635671333139747530789,1903.20,200812,500,1821633217205823221
1682741795000,USDC,WETH,-251930.653082,132.54,251665.7763753744750966122873216021,1900.79,200817,500,1821633217205823221
1682741807000,USDC,WETH,-380.054557,0.2,379.7065448865617550876901875986148,1900.27,200817,500,1821633217205823221
1682741807000,USDC,WETH,-380.054246,0.2,379.7063893865617550876901875986148,1900.27,200817,500,1821633217205823221
1682741819000,USDC,WETH,-380.053935,0.2,379.7062338865617550876901875986148,1900.27,200817,500,1821633217205823221
1682741891000,USDC,WETH,2472.828359,-1.3,2469.329411012651408069986219390996,1902.18,200817,500,1821633217205823221
1682741927000,USDC,WETH,684.502419,-0.359846676482297679,683.528477534023242848464268970687,1902.21,200817,500,1821633217205823221
1682741927000,USDC,WETH,5763.643078,-3.029999834714077186,5755.462267999847672651551650777355,1902.19,200817,500,1821633217205823221
1682741975000,USDC,WETH,9992.560479,-5.253083437535581387,9978.28530299573539802626515006363,1902.23,200817,500,1821633217205823221
1682741975000,USDC,WETH,250,-0.131423409517933499,249.6414795169115188499617739110396,1902.25,200817,500,1821633217205823221
1682742047000,USDC,WETH,462818.464,-243.179404695306242596,462039.687414632496105122417771082,1903.20,200807,500,1821633217205823221
1682742047000,USDC,WETH,-463151.287874,243.179404695306242596,462206.099351632496105122417771082,1904.57,200800,500,1821633217205823221
1682742047000,USDC,WETH,796463.175013,-417.91871107683001736,794584.160137852888687283896413303,1905.78,200790,500,1821633217205823221
1682742047000,USDC,WETH,-69553.408189,36.540417371554185216,69446.4846804410522144133689453424,1903.47,200801,500,1821633217205823221
1682742059000,USDC,WETH,-441160.940655,231.894834872432626701,440603.7656908149436562481776640682,1902.42,200811,500,1821633217205823221
1682742059000,USDC,WETH,954.589011,-0.501512778706323249,953.133022121034854866429933627947,1903.42,200811,500,1821633217205823221
1682742071000,USDC,WETH,250,-0.131342421332931063,249.6185253697681832421052528713515,1903.42,200811,500,1821633217205823221
1682742083000,USDC,WETH,-9903.84,5.208438567765508251,9893.719665385233268358624598673605,1901.50,200811,500,1821633217205823221
1682742131000,USDC,WETH,229086.387818,-120.327891513911262454,228711.063277777923143087858341999,1903.85,200806,500,1821633217205823221
1682742131000,USDC,WETH,-4619.101079,2.42802924042969506,4613.280137495180717312081750965508,1902.41,200806,500,1821633217205823221
1682742131000,USDC,WETH,133053.588403,-69.86,132810.4068681504164462240662425322,1904.57,200803,500,1821633217205823221
1682742287000,USDC,WETH,-65.053635,0.034185802287463641,64.99000093935976536368083160949035,1902.94,200803,500,1821633217205823221
1682742347000,USDC,WETH,-19029.03916,10,19010.62067085092866204304859288515,1902.90,200804,500,1821633217205823221
1682742371000,USDC,WETH,348206.061671,-182.752819897079147147,347646.9560735736589558512878362261,1905.34,200799,500,1821633217205823221
1682742407000,USDC,WETH,100,-0.052477951156227181,99.8551517004669789543160803182863,1905.56,200799,500,1821633217205823221
1682742431000,USDC,WETH,180105.236092,-94.497025732622172613,179826.7698439169482934395347087367,1905.94,200796,500,1821633217205823221
1682742443000,USDC,WETH,-226119.122371,118.764114559618070281,225887.9551583236722279078564194757,1903.93,200800,500,1821633217205823221
1682742455000,USDC,WETH,384218.647751,-201.566069734752245657,383731.8428171167634031471209198697,1906.17,200792,500,1821633217205823221
1682742467000,USDC,WETH,-219825.067116,115.417873739403554645,219636.6737663895938244346982437734,1904.60,200797,500,1821633217205823221
1682742503000,USDC,WETH,-1047.279323,0.55,1046.507352260546656808242016959456,1904.14,200797,500,1821633217205823221
1682742503000,USDC,WETH,-46839.508551,24.6,46806.20008042626864996864294036838,1904.05,200798,500,1821633217205823221
1682742551000,USDC,WETH,-88900.487379,46.697219433299935604,88843.8205804601100520897648178294,1903.76,200800,500,1821633217205823221
1682742563000,USDC,WETH,304750.8,-159.880490716139094649,304368.7508698375760742450086637168,1906.12,200793,500,1821633217205823221
1682742563000,USDC,WETH,228563.1,-119.84088255574134619,228210.5054920479209028615494123572,1907.22,200788,500,1821633217205823221
1682742575000,USDC,WETH,-471752.409751,247.663683131294047778,471322.2741193390394377345174398305,1904.81,200799,500,1821633217205823221
1682742587000,USDC,WETH,26758.267016,-14.040479046963897222,26726.97506519609791458022048893612,1905.79,200798,500,1821633217205823221
1682742599000,USDC,WETH,3500,-1.836444053260895635,3495.849566071750642048153575281875,1905.86,200798,500,1821633217205823221
1682742695000,USDC,WETH,-112933.573387,59.322407432824517098,112862.7324839677165040870126692644,1903.73,200800,500,1821633217205823221
1682742719000,USDC,WETH,-189549.182981,99.6,189461.1769445917218510925543439305,1903.10,200804,500,1821633217205823221
1682742803000,USDC,WETH,-1959.416244,1.029801947530070683,1958.708424265021258046443982799575,1902.71,200804,500,1821633217205823221
1682742875000,USDC,WETH,471.900547,-0.247767179851917304,471.4947338189546238485270653192823,1904.61,200804,500,1821633217205823221
1682742935000,USDC,WETH,133.96481,-0.070336984426251013,133.8495624945716379687792049332391,1904.61,200804,500,1821633217205823221
1682742935000,USDC,WETH,1000,-0.525040112134703098,999.13911088823759938432102173293,1904.62,200804,500,1821633217205823221
1682742947000,USDC,WETH,-113.163918,0.059475,113.1229697417882043884912617430248,1902.71,200804,500,1821633217205823221
1682742947000,USDC,WETH,-943.031583,0.495625,942.690881014901703237427181191873,1902.71,200804,500,1821633217205823221
1682743091000,USDC,WETH,304751.2,-159.954279406266343951,304439.0994553122676927493562470835,1905.24,200798,500,1821633217205823221
1682743091000,USDC,WETH,266657.3,-139.873341496334484857,266301.8337584541051202805649006002,1906.42,200792,500,1821633217205823221
1682743091000,USDC,WETH,-304024.146487,159.639980519199073876,303776.7786382859525172603740307172,1904.44,200799,500,1821633217205823221
1682743103000,USDC,WETH,-250479.584093,131.603367015540844342,250350.971333279156709325036310947,1903.29,200804,500,1821633217205823221
1682743115000,USDC,WETH,400,-0.210008686914083513,399.6486493934935993501636178315059,1904.68,200804,500,1821633217205823221
1682743139000,USDC,WETH,-152880.538154,80.359127492810215571,152835.1625746327905139907232200985,1902.47,200807,500,1821633217205823221
1682743187000,USDC,WETH,-9.996206,0.005255205938383,9.99406189722441973190183808077088,1902.15,200807,500,1821633217205823221
1682743223000,USDC,WETH,700,-0.367604181349458198,699.469726211113494352515936140548,1904.22,200806,500,1821633217205823221
1682743223000,USDC,WETH,40000,-21.006873840728630058,39970.57384581802615427218235839331,1904.14,200806,500,1821633217205823221
1682743247000,USDC,WETH,-5059.38605,2.659602083532006152,5058.09302456057921969551087305183,1902.31,200807,500,1821633217205823221
1682743307000,USDC,WETH,-1485.693167,0.781,1485.318704379976252667703664082427,1902.30,200807,500,1821633217205823221
1682743319000,USDC,WETH,282.264497,-0.148233058897261022,282.052421825311081718340863357536,1904.19,200807,500,1821633217205823221
1682743319000,USDC,WETH,-798.962348,0.42,798.761956035326537926293903859948,1902.29,200807,500,1821633217205823221
1682743319000,USDC,WETH,485,-0.254700733264032301,484.6354031594801092602965261928585,1904.20,200807,500,1821633217205823221
1682743331000,USDC,WETH,-4589.639658,2.412700253645197745,4588.492647027406945778271382165235,1902.28,200807,500,1821633217205823221
1682743355000,USDC,WETH,2000,-1.050578193224297693,1998.749281586172134766205137674023,1903.71,200809,500,1821633217205823221
1682743355000,USDC,WETH,-114122.407312,60,114101.1815288096944615811632068341,1902.04,200809,500,1821633217205823221
1682743379000,USDC,WETH,-4525.698001,2.37968537707571123,4525.135688044122711633096465092734,1901.81,200809,500,1821633217205823221
1682743391000,USDC,WETH,16000,-8.404544593250138484,15989.91729383383754829270288756286,1903.73,200809,500,1821633217205823221
1682743403000,USDC,WETH,190.91714,-0.100283977231663667,190.7951673715241127396031027797814,1903.77,200809,500,1821633217205823221
1682743475000,USDC,WETH,1000,-0.525274204522379336,999.360483385237187807387912201125,1903.77,200809,500,1821633217205823221
1682743523000,USDC,WETH,107.350127,-0.056388184829647754,107.2814104161835196444946706886341,1903.77,200809,500,1821633217205823221
1682743643000,USDC,WETH,-231180.563895,121.465199291213734379,231063.1532789541865356932275486771,1903.27,200804,500,1821633217205823221
1682743643000,USDC,WETH,457127.10318,-239.998611379657292518,456722.1429666784150431904933691869,1904.71,200799,500,1821633217205823221
1682743655000,USDC,WETH,-64585.07021,33.944627417852496791,64562.5483852512615256543712740607,1902.66,200805,500,1821633217205823221
1682743667000,USDC,WETH,-951.262626,0.5,950.9644619400807871798430267236175,1902.53,200805,500,1821633217205823221
1682743667000,USDC,WETH,1283.22755,-0.673811915764763883,1282.189426093365630298685149119016,1904.43,200805,500,1821633217205823221
1682743691000,USDC,WETH,-128952.584933,67.78899592055365632,128921.5466729186593691044114046404,1902.26,200808,500,1821633217205823221
1682743703000,USDC,WETH,-950.999035,0.5,950.83665246764470553684336405473,1902.00,200808,500,1821633217205823221
1682743715000,USDC,WETH,-62291.014346,32.752535322401114015,62282.49977915345786385444023303045,1901.87,200810,500,1821633217205823221
1682743727000,USDC,WETH,432.063475,-0.226966425067583587,431.8028779509475962025832045324284,1903.64,200809,500,1821633217205823221
1682743943000,USDC,WETH,2832.25677,-1.487802074310769817,2830.543535803600300480068173028936,1903.65,200809,500,1821633217205823221
1682743967000,USDC,WETH,-95.0877,0.05,95.077563496764470553684336405473,1901.75,200809,500,1821633217205823221
1682744147000,USDC,WETH,99296.875,-52.155539518877682089,99231.3669551901759612159696629958,1903.86,200807,500,1821633217205823221
1682744183000,USDC,WETH,-7133.04732,3.75,7131.552172257335291526325230410475,1902.15,200807,500,1821633217205823221
1682744195000,USDC,WETH,701.7359,-0.368551738302586803,701.2406047441935480182819294888145,1904.04,200807,500,1821633217205823221
1682744207000,USDC,WETH,-6413.767492,3.371902876818376979,6412.46505171201263613438320016049,1902.12,200808,500,1821633217205823221
1682744219000,USDC,WETH,10179.547741,-5.346310348460311289,10172.37355786998916741112416040125,1904.03,200807,500,1821633217205823221
1682744279000,USDC,WETH,-7418.324238,3.9,7416.791771747628703187378239626895,1902.13,200808,500,1821633217205823221
1682744339000,USDC,WETH,323286.11827,-169.732011369930109208,323002.9151287565481069398004776038,1904.69,200801,500,1821633217205823221
1682744339000,USDC,WETH,-1522.752541,0.8,1521.915686448231528858949382487568,1903.44,200801,500,1821633217205823221
1682744363000,USDC,WETH,-80937.224529,42.525314359353783579,80896.3344468473377392334226121914,1903.27,200802,500,1821633217205823221
1682744375000,USDC,WETH,-5041.912494,2.649322002170346616,5039.59850723679349779688778219282,1903.10,200802,500,1821633217205823221
1682744411000,USDC,WETH,67.467931,-0.035416428055682406,67.4034523855515727587440074155502,1904.99,200802,500,1821633217205823221
1682744435000,USDC,WETH,-94383.436535,49.6,94345.1620562903547892548617142292,1902.89,200804,500,1821633217205823221
1682744555000,USDC,WETH,1000,-0.525016511656541164,999.125188824928102341150615144153,1904.70,200804,500,1821633217205823221
1682744555000,USDC,WETH,23750,-12.469474423646558043,23729.40849417695527198588408273789,1904.65,200804,500,1821633217205823221
1682744567000,USDC,WETH,1000,-0.525014608125856327,999.123379167343228410142505995761,1904.71,200804,500,1821633217205823221
1682744567000,USDC,WETH,683.789259,-0.359,683.1904531737709595524639200971325,1904.71,200804,500,1821633217205823221
1682744651000,USDC,WETH,8000,-4.200076167341816759,7992.94834268941621877835253378803,1904.73,200804,500,1821633217205823221
1682744759000,USDC,WETH,-15692.251653,8.246894479692924883,15686.32260699434983880580330309869,1902.81,200804,500,1821633217205823221
1682744783000,USDC,WETH,-342.198716,0.179841965764815982,342.0723714730166820651939165879424,1902.77,200804,500,1821633217205823221
1682744783000,USDC,WETH,-988.091432,0.519290550875139213,987.7273212560916453762602484885635,1902.77,200804,500,1821633217205823221
1682744795000,USDC,WETH,-1088.766858,0.572201708034297126,1088.366864239844132937414696888208,1902.77,200804,500,1821633217205823221
1682744867000,USDC,WETH,8235.683265,-4.323905088866432443,8228.512241948130580632043327442655,1904.69,200804,500,1821633217205823221
1682744939000,USDC,WETH,174,-0.091352078554953891,173.8470275619053386656842277641853,1904.72,200804,500,1821633217205823221
1682744939000,USDC,WETH,3645,-1.913676400617646771,3641.802962099880355846224947917882,1904.71,200804,500,1821633217205823221
1682744951000,USDC,WETH,1291.207885,-0.677899789190781386,1290.072931135497015575031925832669,1904.72,200804,500,1821633217205823221
1682744951000,USDC,WETH,-886.929617,0.466115,886.593228699720754350408691131128,1902.81,200804,500,1821633217205823221
1682744999000,USDC,WETH,105,-0.055126189887094437,104.9076278092272947390963858108585,1904.72,200804,500,1821633217205823221
1682745131000,USDC,WETH,111,-0.058276244345425195,110.9023365306011957776921122493704,1904.72,200804,500,1821633217205823221
1682745143000,USDC,WETH,19252.457883,-10.107545764942786622,19235.31851577989893268753254679325,1904.76,200803,500,1821633217205823221
1682745155000,USDC,WETH,375,-0.196870949774344996,374.662208804102140482498791691787,1904.80,200803,500,1821633217205823221
1682745167000,USDC,WETH,3000,-1.574961882689019915,2997.292236788696612566159074132549,1904.81,200803,500,1821633217205823221
1682745179000,USDC,WETH,21803.510806,-11.446260870091083482,21783.54100646125513002781496312295,1904.86,200803,500,1821633217205823221
1682745191000,USDC,WETH,1088.59808,-0.571470851887039808,1087.587661449411750800325298501665,1904.91,200803,500,1821633217205823221
1682745227000,USDC,WETH,6096.157896,-3.200216590829611544,6090.47604354779812774028660314195,1904.92,200803,500,1821633217205823221
1682745263000,USDC,WETH,19666.491713,-10.323763063903123502,19647.88991863835619399449739129773,1904.97,200802,500,1821633217205823221
1682745335000,USDC,WETH,76313.467412,-40.055993278440129898,76237.3554860452850050319428118425,1905.17,200801,500,1821633217205823221
1682745407000,USDC,WETH,-1401.955438,0.736546131957683739,1401.200891089770660054335600664228,1903.42,200801,500,1821633217205823221
1682745431000,USDC,WETH,47440.096653,-24.897481064528595538,47389.70377864596888151133833430357,1905.42,200800,500,1821633217205823221
1682745455000,USDC,WETH,-5505.427346,2.892115987969341534,5502.204225295482679570300629668095,1903.60,200800,500,1821633217205823221
1682745467000,USDC,WETH,-780.470064,0.41,780.0157776998498423858223042892045,1903.59,200800,500,1821633217205823221
1682745503000,USDC,WETH,-49.968469,0.02624968172261,49.93940649078693844072343662608685,1903.58,200800,500,1821633217205823221
1682745527000,USDC,WETH,593.624737,-0.311533911224849636,592.982905641494420247825843222823,1905.49,200800,500,1821633217205823221
1682745563000,USDC,WETH,-872,0.458083191090150629,871.4927019894773741899391287912305,1903.58,200800,500,1821633217205823221
1682745587000,USDC,WETH,-7837.194961,4.117111132699181332,7832.672230335708140930460324298255,1903.57,200800,500,1821633217205823221
1682745647000,USDC,WETH,1311.201247,-0.688129122733247217,1309.794483492069742920472931087415,1905.46,200800,500,1821633217205823221
1682745719000,USDC,WETH,-38605.032374,20.281325300017267532,38583.66277046819845385352751422814,1903.48,200801,500,1821633217205823221
1682745719000,USDC,WETH,-200,0.105075274428960679,199.8934605403333104489780754301582,1903.40,200801,500,1821633217205823221
1682745743000,USDC,WETH,100,-0.052485118360057216,99.89680139640971148047119764665555,1905.30,200801,500,1821633217205823221
1682745791000,USDC,WETH,200,-0.104970202863699099,199.7935706060418248619911281006586,1905.30,200801,500,1821633217205823221
1682745839000,USDC,WETH,1500,-0.787275082582876153,1498.45041160991300882679292452248,1905.31,200801,500,1821633217205823221
1682745935000,USDC,WETH,5000,-2.624231936552203028,4994.817271021167645914625333286864,1905.32,200801,500,1821633217205823221
1682745947000,USDC,WETH,-100.880882,0.053,100.8267325172976625523136149447021,1903.41,200801,500,1821633217205823221
1682745947000,USDC,WETH,-2855.128404,1.5,2853.5913204140847892164230644727,1903.42,200801,500,1821633217205823221
1682745971000,USDC,WETH,561.649863,-0.294780013467025605,561.067793613631754181376026642573,1905.32,200801,500,1821633217205823221
1682745983000,USDC,WETH,564.830669,-0.296449089299682689,564.244961547004134643479990938597,1905.32,200801,500,1821633217205823221
1682746055000,USDC,WETH,-65459.544487,34.392959606931997301,65426.63429817016690832946484810075,1903.28,200802,500,1821633217205823221
1682746103000,USDC,WETH,1065.157005,-0.559121095286034067,1064.126398736846724734534612089095,1905.06,200802,500,1821633217205823221
1682746103000,USDC,WETH,-41966.438791,22.052506874132199394,41948.20128318369114233061263545026,1903.02,200803,500,1821633217205823221
1682746103000,USDC,WETH,-10794.667576,5.672055504888445727,10789.6704327472113864925392917533,1903.13,200802,500,1821633217205823221
1682746115000,USDC,WETH,-98973.792796,52.016594077322266805,98938.2789058660144556169661457311,1902.73,200805,500,1821633217205823221
1682746115000,USDC,WETH,-34.146998,0.017948182981942192,34.13656277233849311150532009812412,1902.53,200805,500,1821633217205823221
1682746187000,USDC,WETH,551.027994,-0.289339000523436995,550.5841711074988189855122271960795,1904.44,200805,500,1821633217205823221
1682746223000,USDC,WETH,-49.247913,0.025885426110907525,49.23283623723877830345025755482764,1902.53,200805,500,1821633217205823221
1682746355000,USDC,WETH,8040.28,-4.221827854572218036,8033.767339930625270675507173774515,1904.45,200805,500,1821633217205823221
1682746367000,USDC,WETH,3000,-1.575440669719909297,2997.747412315358759777510049322059,1904.23,200806,500,1821633217205823221
1682746367000,USDC,WETH,-60572.940309,31.839552452742389244,60555.84697835222326412973135114625,1902.44,200806,500,1821633217205823221
1682746499000,USDC,WETH,-1823.823362,0.958732448557982927,1823.363994964813448772727943412487,1902.33,200806,500,1821633217205823221
1682746499000,USDC,WETH,2345.616814,-1.232258894062078556,2344.298140226315240473360003892893,1903.51,200810,500,1821633217205823221
1682746499000,USDC,WETH,344.587978,-0.181027169299847221,344.3937573942132050966080313151417,1903.52,200810,500,1821633217205823221
1682746499000,USDC,WETH,-176423.112935,92.758438694916089713,176395.589161300487466858444715713,1901.96,200810,500,1821633217205823221
1682746511000,USDC,WETH,75000,-39.397594718889758704,74954.6923129495516461240422007482,1903.67,200809,500,1821633217205823221
1682746607000,USDC,WETH,7785.389836,-4.089310987662489875,7780.340494023596981011370125757205,1903.84,200808,500,1821633217205823221
1682746631000,USDC,WETH,-38817.210448,20.41,38812.08088188764703193812983059187,1901.87,200809,500,1821633217205823221
1682746643000,USDC,WETH,-1470.356543,0.773146144810048428,1470.196517497621383752286340222137,1901.78,200809,500,1821633217205823221
1682746643000,USDC,WETH,-1525.805781,0.8023,1525.637261902413484258890816417631,1901.79,200809,500,1821633217205823221
1682746691000,USDC,WETH,-23088.616492,12.140828479486956619,23086.40868050829284521646440439918,1901.73,200810,500,1821633217205823221
1682746751000,USDC,WETH,-2827.215695,1.486693587841818551,2826.98476285651036607490213351984,1901.68,200810,500,1821633217205823221
1682746895000,USDC,WETH,-3443.42282,1.810738805958301909,3443.126830000088588375811468631435,1901.67,200810,500,1821633217205823221
1682746955000,USDC,WETH,-69981.67687,36.80307587103268053,69978.42587685646149896068531977515,1901.52,200811,500,1821633217205823221
1682747003000,USDC,WETH,3598.652993,-1.890759827488285503,3596.815516918107665117173244754376,1903.28,200811,500,1821633217205823221
1682747075000,USDC,WETH,-1450.683321,0.762961131076722304,1450.660600691498799345584874013658,1901.39,200811,500,1821633217205823221
1682747123000,USDC,WETH,-500.350523,0.263151025070788595,500.3432121861502915454619516042045,1901.38,200811,500,1821633217205823221
1682747171000,USDC,WETH,-1130.844736,0.59475,1130.829204741614555065214826094575,1901.38,200811,500,1821633217205823221
1682747183000,USDC,WETH,6771.257379,-3.557654371729025603,6767.75917212174775875722542632932,1903.29,200811,500,1821633217205823221
1682747219000,USDC,WETH,1250,-0.656750932113231251,1249.348830690624507224970050689655,1903.31,200811,500,1821633217205823221
1682747339000,USDC,WETH,-317236.782356,166.9,317284.0507865337860283889944937949,1900.76,200818,500,1821633217205823221
1682747351000,USDC,WETH,10000.000009,-5.257533165255715093,9998.142410605695032773944462312885,1902.03,200818,500,1821633217205823221
1682747363000,USDC,WETH,250.720774,-0.131815824100674164,250.672817663726369525281539100623,1902.05,200818,500,1821633217205823221
1682747399000,USDC,WETH,49924.13351,-26.246072251956299133,49913.23731215926876570512801436511,1902.16,200817,500,1821633217205823221
1682747435000,USDC,WETH,-1150.196353,0.605253601258927488,1150.490398634141551816336990566799,1900.35,200817,500,1821633217205823221
1682747483000,USDC,WETH,67000,-35.218838301557178473,66981.24751206029634372310140966535,1902.39,200815,500,1821633217205823221
1682747555000,USDC,WETH,-450.508855,0.237048423591174156,450.6075999880573320881204058006424,1900.49,200816,500,1821633217205823221
1682747555000,USDC,WETH,-32309.519301,17,32316.03115047048749240630860631823,1900.56,200816,500,1821633217205823221
1682747639000,USDC,WETH,-99669.202793,52.4495217113218057,99696.4225976922593458915696227817,1900.29,200818,500,1821633217205823221
1682747723000,USDC,WETH,2000,-1.051514041772463898,1999.635524418593968434330825286305,1902.02,200818,500,1821633217205823221
1682747723000,USDC,WETH,7196.989126,-3.783905007908475143,7195.71316081804949480850698436931,1902.00,200818,500,1821633217205823221
1682747807000,USDC,WETH,271,-0.142479804491427679,270.950282567569247448343975028441,1902.02,200818,500,1821633217205823221
1682747819000,USDC,WETH,2478.125,-1.302884579272782088,2477.666701103073676086200035414323,1902.03,200818,500,1821633217205823221
1682747843000,USDC,WETH,-1900.129198,1,1900.727628410028676023900506254014,1900.13,200818,500,1821633217205823221
1682747867000,USDC,WETH,7391.372072,-3.886019398614362386,7389.98100983286753779546826865558,1902.04,200818,500,1821633217205823221
1682747891000,USDC,WETH,3000,-1.577234610071224642,2999.418632500655742849737829319888,1902.06,200818,500,1821633217205823221
1682747951000,USDC,WETH,2538.571574,-1.334633028315313147,2538.072064848916176988439028229867,1902.07,200818,500,1821633217205823221
1682748035000,USDC,WETH,137304.6875,-72.175944450039881769,137267.3457514048601169438607816571,1902.36,200815,500,1821633217205823221
1682748083000,USDC,WETH,282.669708,-0.148566910320440921,282.5719230353184201130616599431038,1902.64,200815,500,1821633217205823221
1682748119000,USDC,WETH,1392,-0.731612765091560173,1391.517207616990269832621368977108,1902.65,200815,500,1821633217205823221
1682748131000,USDC,WETH,1750,-0.919768686110029323,1749.390085493842240095937217865485,1902.65,200815,500,1821633217205823221
1682748143000,USDC,WETH,121679.6875,-63.944175283939754618,121629.207138556047709778657733065,1902.90,200812,500,1821633217205823221
1682748203000,USDC,WETH,133239.877561,-70,133166.350839202007321673035437781,1903.43,200809,500,1821633217205823221
1682748227000,USDC,WETH,430,-0.225875865047823828,429.731834136975012076167440401298,1903.70,200809,500,1821633217205823221
1682748275000,USDC,WETH,500,-0.262645259514546831,499.6871380702822479435144935225402,1903.71,200809,500,1821633217205823221
1682748275000,USDC,WETH,1473.492912,-0.774013499136990112,1472.572473893827636092735760725266,1903.70,200809,500,1821633217205823221
1682748287000,USDC,WETH,-8.004719,0.004209008857333014,8.00370861112584628008453206402735,1901.81,200809,500,1821633217205823221
1682748335000,USDC,WETH,1000,-0.525289680625763656,999.373479101514924927073436655564,1903.71,200809,500,1821633217205823221
1682748359000,USDC,WETH,101810.908193,-53.474306426931110119,101741.5002399264953855920072714897,1903.92,200807,500,1821633217205823221
1682748371000,USDC,WETH,-589.528885,0.309915,589.3891752596090371299471253957125,1902.23,200807,500,1821633217205823221
1682748371000,USDC,WETH,500,-0.262586906282524774,499.6316638099522929426161210162468,1904.13,200807,500,1821633217205823221
1682748443000,USDC,WETH,5000,-2.625856862623190956,4996.305039818476212686025906951124,1904.14,200807,500,1821633217205823221
1682748551000,USDC,WETH,-30010.78045,15.777,30004.00084000202242162907828716957,1902.19,200807,500,1821633217205823221
1682748587000,USDC,WETH,97.406906,-0.051158341567793548,97.33779697443161024895775499036845,1904.03,200807,500,1821633217205823221
1682748587000,USDC,WETH,-482.38899,0.253605507739229688,482.2878752624445678914903542543068,1902.12,200807,500,1821633217205823221
1682748611000,USDC,WETH,-254.129591,0.133603204883969961,254.0764229938836218803959899664872,1902.12,200807,500,1821633217205823221
1682748635000,USDC,WETH,-33613.545426,17.672247578055845946,33607.12513203861271497855126506015,1902.05,200808,500,1821633217205823221
1682748695000,USDC,WETH,11430.73,-6.003737243181044794,11422.89603538430607226562721070862,1903.94,200808,500,1821633217205823221
1682748695000,USDC,WETH,6123.12846,-3.216098044150749926,6118.989739532020080278873761982625,1903.90,200808,500,1821633217205823221
1682748707000,USDC,WETH,-48652.037179,25.58,48643.97888180853353269137494997767,1901.96,200809,500,1821633217205823221
1682748779000,USDC,WETH,-29.973703,0.01576023430215,29.96952358589376821708702603190326,1901.86,200809,500,1821633217205823221
1682748851000,USDC,WETH,-304.296926,0.16,304.2545477056045881638240810006422,1901.86,200809,500,1821633217205823221
1682748863000,USDC,WETH,1500,-0.787913812175440479,1499.042540532026857830198296904949,1903.76,200809,500,1821633217205823221
1682748875000,USDC,WETH,300,-0.157582457364818037,299.8082180866004201662727916905919,1903.77,200809,500,1821633217205823221
1682748875000,USDC,WETH,1028,-0.539981782651989777,1027.342094107874563882949409460638,1903.77,200809,500,1821633217205823221
1682748923000,USDC,WETH,925.138058,-0.485950046541652513,924.5450114088053971296553872406165,1903.77,200809,500,1821633217205823221
1682748971000,USDC,WETH,-7540.855439,3.965,7539.816740628345286441860508592495,1901.86,200809,500,1821633217205823221
1682749007000,USDC,WETH,1903.746826,-1,1902.538992099204359758350695735812,1903.75,200809,500,1821633217205823221
1682749175000,USDC,WETH,-3420.81458,1.798686417927502141,3420.356555116922337394043693814909,1901.84,200809,500,1821633217205823221
1682749199000,USDC,WETH,-23412.49327,12.310795759548290125,23409.69641492300462158491415571158,1901.79,200810,500,1821633217205823221
1682749235000,USDC,WETH,-21826.577969,11.47744589076578154,21824.5017288246351323661441133421,1901.69,200810,500,1821633217205823221
1682749271000,USDC,WETH,-5514.747304,2.9,5514.303831387692643299217017633855,1901.64,200810,500,1821633217205823221
1682749283000,USDC,WETH,-384.721876,0.202312175510438695,384.6921594904510723690115526004383,1901.62,200810,500,1821633217205823221
1682749307000,USDC,WETH,9046.543887,-4.752469990686913885,9041.28157934796533890353460055061,1903.55,200810,500,1821633217205823221
1682749367000,USDC,WETH,-20935.324771,11.009214992439385799,20933.74413171503144777769758456504,1901.62,200810,500,1821633217205823221
1682749391000,USDC,WETH,10000,-5.253483351163257512,9994.305792321646978524885068221055,1903.50,200810,500,1821633217205823221
1682749511000,USDC,WETH,499.997715,-0.26267,499.7056439067376869706599744971943,1903.52,200810,500,1821633217205823221
1682749571000,USDC,WETH,-13963.759708,7.34320272226374504,13962.68296706844218400293427640702,1901.59,200810,500,1821633217205823221
1682749607000,USDC,WETH,-133.109269,0.07,133.1000148193042147483389736734443,1901.56,200810,500,1821633217205823221
1682749619000,USDC,WETH,5240.650129,-2.753202258180256604,5237.652084022462418604142535150735,1903.47,200810,500,1821633217205823221
1682749667000,USDC,WETH,120,-0.063042248188810781,119.9310054558340103377128761373192,1903.49,200810,500,1821633217205823221
1682749739000,USDC,WETH,-161713.212364,85.056181721125974705,161715.1199125739904081537883133327,1901.25,200814,500,1821633217205823221
1682749763000,USDC,WETH,-277.037619,0.145738682614046861,277.0650389540873901941116354669702,1900.92,200814,500,1821633217205823221
1682749775000,USDC,WETH,-76030.566651,40,76041.21493653097985619369924196815,1900.76,200815,500,1821633217205823221
1682749787000,USDC,WETH,2850.186409,-1.498113906171993055,2849.272628040767251659298774727109,1902.52,200815,500,1821633217205823221
1682749799000,USDC,WETH,-152207.247403,80.096056387265806336,152246.8027638862661830016601904216,1900.31,200819,500,1821633217205823221
1682749799000,USDC,WETH,-600,0.315790086511798953,600.205305828480591570673366431082,1900.00,200819,500,1821633217205823221
1682749811000,USDC,WETH,5023.100333,-2.641086496866279763,5022.29452921636351399248316109322,1901.91,200819,500,1821633217205823221
1682749847000,USDC,WETH,-1237.777517,0.65145736183136006,1238.195585712549035301567972202607,1900.01,200819,500,1821633217205823221
1682749859000,USDC,WETH,713.206133,-0.374993998459690568,713.090469999381253478388163421136,1901.91,200819,500,1821633217205823221
1682749883000,USDC,WETH,100,-0.05257858190815411,99.98373899611147367537386152532445,1901.92,200819,500,1821633217205823221
1682749919000,USDC,WETH,129.207591,-0.067935502202442528,129.1865645177781019743657753911264,1901.92,200819,500,1821633217205823221
1682749955000,USDC,WETH,-1466.467184,0.771820196847120916,1466.963142533027216319234803076432,1900.01,200819,500,1821633217205823221
1682749967000,USDC,WETH,-50161.144856,26.40190873287419938,50179.50182492389751065105540127445,1899.91,200820,500,1821633217205823221
1682749991000,USDC,WETH,200,-0.105168674336925718,199.9784204489681558765527911181049,1901.71,200820,500,1821633217205823221
1682750051000,USDC,WETH,-1200.486021,0.6319,1200.957665125261904278219963774992,1899.80,200820,500,1821633217205823221
1682750111000,USDC,WETH,-4811.486294,2.532638179153533492,4813.391301899457280059271609423874,1899.79,200820,500,1821633217205823221
1682750123000,USDC,WETH,11880,-6.247018938886873357,11878.71787357318916218165047742283,1901.71,200820,500,1821633217205823221
1682750135000,USDC,WETH,500,-0.262918372271428957,499.9603488433000835770169377116972,1901.73,200820,500,1821633217205823221
1682750147000,USDC,WETH,321.645115,-0.169132679037040484,321.6194736213869352828067546350466,1901.73,200820,500,1821633217205823221
1682750159000,USDC,WETH,-246916.281686,130,247051.0456251820440428720496711269,1899.36,200825,500,1821633217205823221
1682750327000,USDC,WETH,32.599614,-0.017150644918881711,32.60517641855662764833183234654954,1900.78,200825,500,1821633217205823221
1682750399000,USDC,WETH,-21,0.01105910372211145,21.01405194848611901380052616074082,1898.89,200825,500,1821633217205823221
1682750399000,USDC,WETH,2000,-1.052197100644426287,2000.339200554112270325448959504878,1900.78,200825,500,1821633217205823221
1682750459000,USDC,WETH,-2267.225986,1.19397836,2268.745714226660570521201073509005,1898.88,200825,500,1821633217205823221
1682750495000,USDC,WETH,-246853.530124,130,247019.6698441820440428720496711269,1898.87,200825,500,1821633217205823221
1682750507000,USDC,WETH,2039.228892,-1.072842699985787964,2039.581720350789147772037093501654,1900.77,200825,500,1821633217205823221
1682750519000,USDC,WETH,5000,-2.630491960907519484,5000.847249651833748347136945942095,1900.79,200824,500,1821633217205823221
1682750555000,USDC,WETH,4200,-2.209592630998756014,4200.692089618771975187685857822671,1900.80,200824,500,1821633217205823221
1682750639000,USDC,WETH,2000,-1.052180351264302628,2000.323276673013932177008108353835,1900.81,200824,500,1821633217205823221
1682750723000,USDC,WETH,-697.173487,0.367142688713071961,697.6346770968385010303943043151245,1898.92,200824,500,1821633217205823221
1682750735000,USDC,WETH,-22018.609135,11.595618363263681247,22033.42884643361351050553787061693,1898.87,200825,500,1821633217205823221
1682750747000,USDC,WETH,99648.4375,-52.421076629154018115,99661.7043838961617755474987774059,1900.92,200823,500,1821633217205823221
1682750759000,USDC,WETH,-246.932704,0.13,247.0592567821820440428720496711269,1899.48,200821,500,1821633217205823221
1682750759000,USDC,WETH,62428.75482,-32.835885651662774132,62431.93501603519108188893629178165,1901.24,200822,500,1821633217205823221
1682750759000,USDC,WETH,7200.030558,-3.786759621906433712,7200.143135794565693164363786197365,1901.37,200821,500,1821633217205823221
1682750831000,USDC,WETH,311.940965,-0.164060004112814352,311.9447322452266056861641006558873,1901.38,200821,500,1821633217205823221
1682750843000,USDC,WETH,2921.324443,-1.536415486483876483,2921.354936322089610987375335142281,1901.39,200821,500,1821633217205823221
1682750855000,USDC,WETH,3673.669131,-1.932084063627020533,3673.695194015582328396455462127075,1901.40,200821,500,1821633217205823221
1682750927000,USDC,WETH,-22886.475692,12.048910235143808253,22898.31334923990273708694433353572,1899.46,200822,500,1821633217205823221
1682750951000,USDC,WETH,-85.837168,0.04519125,85.8825675249060330604033962669255,1899.42,200822,500,1821633217205823221
1682751023000,USDC,WETH,250,-0.131487510642218684,250.0071029449990922989064464115086,1901.32,200822,500,1821633217205823221
1682751071000,USDC,WETH,-88699.944421,46.702617145842573806,88750.83462576787511388230790650865,1899.25,200824,500,1821633217205823221
1682751083000,USDC,WETH,250,-0.13151111182717816,250.0295409373486552546890681501457,1900.98,200824,500,1821633217205823221
1682751131000,USDC,WETH,-21493.881221,11.318296050663031058,21507.41050347033133761837054352667,1899.04,200824,500,1821633217205823221
1682751143000,USDC,WETH,250,-0.131516781332838455,250.0349310194504620398641618122323,1900.90,200824,500,1821633217205823221
1682751191000,USDC,WETH,250,-0.131516714662045612,250.0348676345508343669172702997352,1900.90,200824,500,1821633217205823221
1682751227000,USDC,WETH,-111.165229,0.058538858806565869,111.2363652887499558019257607500186,1899.00,200824,500,1821633217205823221
1682751263000,USDC,WETH,-2278.793166,1.2,2280.254165604757329626511227733479,1898.99,200824,500,1821633217205823221
1682751455000,USDC,WETH,64919,-34.149643604343305006,64926.0665410542624340778171397323,1901.02,200823,500,1821633217205823221
1682751479000,USDC,WETH,12727.889871,-6.694784081954819287,12728.77425533315392403571253273323,1901.17,200822,500,1821633217205823221
1682751551000,USDC,WETH,34043,-17.905538980111180283,34044.55826340407763997074868886972,1901.26,200822,500,1821633217205823221
1682751551000,USDC,WETH,450,-0.236677460536772997,450.0127295708464103810967369356506,1901.32,200822,500,1821633217205823221
1682751563000,USDC,WETH,-5000.798757,2.632813964321906094,5003.454190820281332082174535647855,1899.41,200822,500,1821633217205823221
1682751671000,USDC,WETH,112109.375,-58.95778648397217831,112106.7189698599455139637312329909,1901.52,200820,500,1821633217205823221
1682751695000,USDC,WETH,205273.4375,-107.916244359340157015,205234.2734696509086747582050289903,1902.16,200815,500,1821633217205823221
1682751719000,USDC,WETH,-15050.36124,7.918565841750913223,15053.47718993046019901049679788001,1900.64,200815,500,1821633217205823221
1682751731000,USDC,WETH,200,-0.105124063791660903,199.9429877424521313822070103687118,1902.51,200815,500,1821633217205823221
1682751743000,USDC,WETH,-494.260082,0.26,494.3158505643640880857440993422538,1901.00,200813,500,1821633217205823221
1682751743000,USDC,WETH,95135.452888,-50,95103.45905253155540110463448889495,1902.71,200813,500,1821633217205823221
1682751767000,USDC,WETH,62783,-32.991068335562036771,62756.5920573813835580819962671515,1903.03,200812,500,1821633217205823221
1682751791000,USDC,WETH,-480.341563,0.252644464232211761,480.363575435362656417012429842447,1901.26,200812,500,1821633217205823221
1682751791000,USDC,WETH,-850.430166,0.4473,850.469746915923294618282060137654,1901.25,200812,500,1821633217205823221
1682751827000,USDC,WETH,-30076.810947,15.82,30078.71127083938412890950635228636,1901.19,200813,500,1821633217205823221
1682751851000,USDC,WETH,494.260082,-0.259722544927086839,494.0520699612264751328916041641882,1903.03,200813,500,1821633217205823221
1682751887000,USDC,WETH,34386,-18.068391064411324948,34370.88412608475197029372119819709,1903.10,200812,500,1821633217205823221
1682751899000,USDC,WETH,6070.47857,-3.189641387601631582,6067.678087362734328272931081123485,1903.19,200812,500,1821633217205823221
1682751959000,USDC,WETH,-667.1765,0.35090660962160275,667.2003053107774937605030088357315,1901.29,200812,500,1821633217205823221
1682751971000,USDC,WETH,-27543.713079,14.487267374097507856,27545.1139019680444796388770813334,1901.24,200812,500,1821633217205823221
1682751983000,USDC,WETH,186555.527806,-98.008435540118559922,186455.8196073115366867076554368603,1903.46,200808,500,1821633217205823221
1682751995000,USDC,WETH,103.413917,-0.054307304178268867,103.3377083021675473379701247219992,1904.24,200806,500,1821633217205823221
1682751995000,USDC,WETH,95202.037932,-50,95136.75157453155540110463448889495,1904.04,200806,500,1821633217205823221
1682752019000,USDC,WETH,1651.348183,-0.867195650915661843,1650.129703124167485205102915316835,1904.24,200806,500,1821633217205823221
1682752019000,USDC,WETH,-27606.55819,14.512332891339740186,27600.36661197447034593816521289128,1902.28,200807,500,1821633217205823221
1682752067000,USDC,WETH,869.318118,-0.45654310166372651,868.7012750991308252745490829255695,1904.13,200807,500,1821633217205823221
1682752091000,USDC,WETH,102343.75,-53.742292763817310984,102265.4601718047999656671794527646,1904.34,200805,500,1821633217205823221
1682752091000,USDC,WETH,95,-0.049880481989005459,94.92210508428075468974530730177375,1904.55,200805,500,1821633217205823221
1682752127000,USDC,WETH,108.956353,-0.05720835969156913,108.8670022854224985641916254538644,1904.55,200805,500,1821633217205823221
1682752127000,USDC,WETH,-761.868985,0.4004257,761.625072595681480871522080769198,1902.65,200805,500,1821633217205823221
1682752151000,USDC,WETH,-5457.779,2.868537291801502467,5456.04993361354956749382987051305,1902.63,200805,500,1821633217205823221
1682752163000,USDC,WETH,1770,-0.929362491106195727,1768.5585374724581172503144437701,1904.53,200805,500,1821633217205823221
1682752175000,USDC,WETH,-1902.627021,1,1902.028162670631108022092689777899,1902.63,200805,500,1821633217205823221
1682752199000,USDC,WETH,67026.955277,-35.190952752393309999,66970.0320440447191433213882870642,1904.66,200803,500,1821633217205823221
1682752223000,USDC,WETH,1682.931122,-0.883518804060805076,1681.43983348888027716442292834096,1904.81,200803,500,1821633217205823221
1682752223000,USDC,WETH,100,-0.052499088467205312,99.91165263137428924594053412517415,1904.79,200803,500,1821633217205823221
1682752223000,USDC,WETH,-3361.156263,1.766336105648531106,3359.859747798070371598202148814841,1902.90,200803,500,1821633217205823221
1682752235000,USDC,WETH,6000,-3.149924653496045889,5994.67952131218898454880231985236,1904.81,200803,500,1821633217205823221
1682752271000,USDC,WETH,-2399.644492,1.26104194,2398.71329535967786348452932837734,1902.91,200803,500,1821633217205823221
1682752271000,USDC,WETH,5000,-2.624925687296775619,4995.555311772108831838771605596842,1904.82,200803,500,1821633217205823221
1682752271000,USDC,WETH,-1056.561539,0.555233687670708368,1056.14957174727433601505344959266,1902.91,200803,500,1821633217205823221
1682752343000,USDC,WETH,-1062.786455,0.558480043498952833,1062.348387799345873620461961082699,1903.00,200803,500,1821633217205823221
1682752343000,USDC,WETH,19199.430609,-10.079153528672314748,19182.11424568608887220143014250876,1904.87,200803,500,1821633217205823221
1682752403000,USDC,WETH,-570.898423,0.3,570.6636071511893324066278069333695,1902.99,200803,500,1821633217205823221
1682752451000,USDC,WETH,-1587.78871,0.834365098077585536,1587.137479002146243038413931245789,1902.99,200803,500,1821633217205823221
1682752475000,USDC,WETH,-1777.705027,0.934167365945424041,1776.979115883958480861096173462137,1902.98,200803,500,1821633217205823221
1682752487000,USDC,WETH,518,-0.271932387848697646,517.5301055275037358158259255792765,1904.89,200803,500,1821633217205823221
1682752511000,USDC,WETH,5000,-2.6248144297247102,4995.449537568181308090155047325363,1904.90,200803,500,1821633217205823221
1682752571000,USDC,WETH,3490.20612,-1.832211955545821103,3487.013812019617136099009845915904,1904.91,200803,500,1821633217205823221
1682752595000,USDC,WETH,1000,-0.524955561299608242,999.082943865995466616273538661367,1904.92,200803,500,1821633217205823221
1682752607000,USDC,WETH,758.021777,-0.398071610033475623,757.4634007719788851630785312333385,1904.23,200806,500,1821633217205823221
1682752607000,USDC,WETH,-168916.818531,88.778595817328113725,168861.5211081681433828360183207565,1902.68,200806,500,1821633217205823221
1682752631000,USDC,WETH,952.119106,-0.5,951.4168790853155540110463448889495,1904.24,200806,500,1821633217205823221
1682752667000,USDC,WETH,-1570.325969,0.825473677833900007,1569.952904997867847249672896039824,1902.33,200806,500,1821633217205823221
1682752679000,USDC,WETH,-174869.704172,91.941253916042805386,174844.7493229223109682896681309997,1901.97,200810,500,1821633217205823221
1682752703000,USDC,WETH,-1653.399942,0.869473269832286464,1653.320948300263511413145544746303,1901.61,200810,500,1821633217205823221
1682752715000,USDC,WETH,-1397.460808,0.734884993490945095,1397.396334972160371852200275710644,1901.60,200810,500,1821633217205823221
1682752727000,USDC,WETH,-209.176162,0.11,209.1666927387694218824301958755689,1901.60,200810,500,1821633217205823221
1682752739000,USDC,WETH,937.095866,-0.492299927555888293,936.584687389923231148426216935993,1903.51,200810,500,1821633217205823221
1682752751000,USDC,WETH,-1380.900792,0.726177585183723453,1380.838066312052484663839688464104,1901.60,200810,500,1821633217205823221
1682752811000,USDC,WETH,-42.402524,0.022298350713649784,42.40063074270629833477045191275613,1901.60,200810,500,1821633217205823221
1682752823000,USDC,WETH,-38022.33072,19.995742996349916376,38021.41120766814380083012708584118,1901.52,200811,500,1821633217205823221
1682752859000,USDC,WETH,-71491.779588,37.601579701214696896,71494.2625607065937445654129047465,1901.30,200813,500,1821633217205823221
1682752871000,USDC,WETH,-995.710978,0.523741695520853816,995.784392884365120245404818533001,1901.15,200813,500,1821633217205823221
1682752907000,USDC,WETH,5003.484779,-2.629179046958795705,5001.341432623742850989218638544805,1903.06,200813,500,1821633217205823221
1682752919000,USDC,WETH,-28516.6357,15,28519.03763255946662033139034666849,1901.11,200813,500,1821633217205823221
1682752919000,USDC,WETH,206250,-108.360132923299586163,206144.5660813381182968244144799005,1903.38,200809,500,1821633217205823221
1682752931000,USDC,WETH,-2043.77762,1.074610670080057503,2043.536919424010690432757656606702,1901.88,200809,500,1821633217205823221
1682752931000,USDC,WETH,-3105.327643,1.632760679408216804,3104.953322901466168617741100742456,1901.89,200809,500,1821633217205823221
1682752943000,USDC,WETH,44739.859464,-23.499454722079972526,44711.20565430175579336915489184564,1903.87,200808,500,1821633217205823221
1682752967000,USDC,WETH,4500,-2.363484130127750113,4496.998992685210580140085581010215,1903.97,200808,500,1821633217205823221
1682752967000,USDC,WETH,5711.969061,-3,5708.128487011893324066278069333695,1903.99,200808,500,1821633217205823221
1682753027000,USDC,WETH,483.969592,-0.254185393500063531,483.6425739682678971885036894095925,1904.00,200808,500,1821633217205823221
1682753051000,USDC,WETH,818.396511,-0.429828962886376845,817.842948443384869932322377102499,1904.01,200808,500,1821633217205823221
1682753075000,USDC,WETH,-4861.478924,2.555857398915531509,4860.630540007713495897390772420371,1902.09,200808,500,1821633217205823221
1682753099000,USDC,WETH,1308.591857,-0.687289472291837535,1307.712100090470928717138431051999,1903.99,200808,500,1821633217205823221
1682753159000,USDC,WETH,5000,-2.626047155161057166,4996.621507702619803329191779827028,1904.00,200808,500,1821633217205823221
1682753171000,USDC,WETH,1667.936869,-0.876001244126376752,1666.795652610648380712585684950739,1904.03,200807,500,1821633217205823221
1682753171000,USDC,WETH,4547.814783,-2.388530558379425501,4544.718390508618814864049774290394,1904.02,200807,500,1821633217205823221
1682753279000,USDC,WETH,-16094.645127,8.461506657918288339,16091.80092262226479922495498239407,1902.10,200808,500,1821633217205823221
1682753291000,USDC,WETH,-15216.297218,8,15213.86582636504886417674151822319,1902.04,200808,500,1821633217205823221
1682753303000,USDC,WETH,-8544.492527,4.492400231884804679,8543.236987367624613728667063422545,1901.99,200808,500,1821633217205823221
1682753339000,USDC,WETH,3500,-1.838349911684810492,3497.746196855335022950824239322066,1903.88,200808,500,1821633217205823221
1682753339000,USDC,WETH,-133.138936,0.07,133.119493651944177561546488284453,1901.98,200808,500,1821633217205823221
1682753351000,USDC,WETH,-190159.32959,100,190151.1300120631108022092689777899,1901.59,200812,500,1821633217205823221
1682753363000,USDC,WETH,-5914.974823,3.111196099385324321,5915.347128961742863458781990093505,1901.19,200812,500,1821633217205823221
1682753363000,USDC,WETH,-380.235404,0.2,380.2606324341262216044185379555798,1901.18,200812,500,1821633217205823221
1682753387000,USDC,WETH,2500,-1.313657208777764068,2498.913156314594096341683765873455,1903.08,200812,500,1821633217205823221
1682753399000,USDC,WETH,-285176.482068,150,285195.4388595946662033139034666849,1901.18,200813,500,1821633217205823221
1682753411000,USDC,WETH,-1684.151099,0.885806836543117567,1684.225087994457102718388579874364,1901.26,200812,500,1821633217205823221
1682753411000,USDC,WETH,24110.206043,-12.668786735177469699,24099.50419585815338104425155457944,1903.12,200812,500,1821633217205823221
1682753423000,USDC,WETH,253.444855,-0.133170405538939481,253.3294832813747349808362852451438,1903.16,200812,500,1821633217205823221
1682753447000,USDC,WETH,583.245066,-0.30646079521104447,582.9793013230031549047665950310585,1903.16,200812,500,1821633217205823221
1682753471000,USDC,WETH,-1912.056024,1.005682222315279021,1912.144836182657800644692302035145,1901.25,200812,500,1821633217205823221
1682753471000,USDC,WETH,-1363.393131,0.7171,1363.454042571559567562642667839732,1901.26,200812,500,1821633217205823221
1682753483000,USDC,WETH,-2000,1.051951571301715145,2000.105772210458963278597637217873,1901.23,200812,500,1821633217205823221
1682753483000,USDC,WETH,-3993.555746,2.1005,3993.753999884410642400405694878477,1901.24,200812,500,1821633217205823221
1682753507000,USDC,WETH,-380242.045907,200,380263.9533876262216044185379555798,1901.21,200812,500,1821633217205823221
1682753555000,USDC,WETH,158007.8125,-83.072581279275700388,157982.2264658430788963718519379328,1902.05,200816,500,1821633217205823221
1682753555000,USDC,WETH,3595.106202,-1.889804312883134991,3594.217750993248203489766990453363,1902.37,200816,500,1821633217205823221
1682753555000,USDC,WETH,-2000,1.052374361898289499,2000.507725425422163861787248826768,1900.46,200816,500,1821633217205823221
1682753555000,USDC,WETH,-334869.430388,176.2,334950.6369064652012334927319388658,1900.51,200820,500,1821633217205823221
1682753591000,USDC,WETH,3803.440174,-1.999301195028683774,3802.485027216022202394094993213593,1902.38,200816,500,1821633217205823221
1682753591000,USDC,WETH,-2109.271775,1.109858941610854269,2109.795045132028096730336526040236,1900.49,200816,500,1821633217205823221
1682753603000,USDC,WETH,192,-0.100925978977493821,191.9518069985684654853094960844642,1902.38,200816,500,1821633217205823221
1682753687000,USDC,WETH,-1900.580871,1.000051470986410254,1901.054021891573011934376469493016,1900.48,200816,500,1821633217205823221
1682753687000,USDC,WETH,1010.332874,-0.531086988223836101,1010.078618281572398124001097999938,1902.39,200816,500,1821633217205823221
1682753699000,USDC,WETH,3150.898729,-1.656358559635902454,3150.173716394094544573107536124943,1902.30,200817,500,1821633217205823221
1682753699000,USDC,WETH,-20109.957563,10.581750017475194804,20115.20356872049947701165938036572,1900.44,200817,500,1821633217205823221
1682753723000,USDC,WETH,-4107.311471,2.161286809494323023,4108.422772829368371844582892127623,1900.40,200817,500,1821633217205823221
1682753759000,USDC,WETH,1353.227959,-0.71136520466280038,1352.919302617284073697144126007628,1902.30,200817,500,1821633217205823221
1682753795000,USDC,WETH,751,-0.394784965264507257,750.827850933640700843775812102518,1902.30,200817,500,1821633217205823221
1682753819000,USDC,WETH,2300,-1.209057821092629367,2299.468985834260264088197742889491,1902.31,200816,500,1821633217205823221
1682753855000,USDC,WETH,1050,-0.551959179186085433,1049.755679052286262004350874531272,1902.31,200816,500,1821633217205823221
1682753903000,USDC,WETH,1341.073946,-0.704967771482446371,1340.760162656438957681843153113088,1902.32,200816,500,1821633217205823221
1682753915000,USDC,WETH,-20611.186062,10.845834715758201245,20616.88701029221400776044234027895,1900.38,200817,500,1821633217205823221
1682753975000,USDC,WETH,300,-0.157708970089137808,299.9362286424831164240954742951026,1902.24,200817,500,1821633217205823221
1682753987000,USDC,WETH,-984.374732,0.518000671913103775,984.658194622019658293732704996552,1900.33,200817,500,1821633217205823221
1682753999000,USDC,WETH,97773.4375,-51.393818013349203951,97747.57456628200390185555119094785,1902.44,200815,500,1821633217205823221
1682754011000,USDC,WETH,202544.147898,-106.431123015344975576,202457.7020466633495628293035202573,1903.05,200810,500,1821633217205823221
1682754011000,USDC,WETH,-1891.044107,0.994467900390626636,1890.977257514732426042727398532402,1901.56,200810,500,1821633217205823221
1682754071000,USDC,WETH,4373.956201,-2.297896406510826257,4371.621883340083329119144974678196,1903.46,200810,500,1821633217205823221
1682754071000,USDC,WETH,5642.753415,-2.96443808748538251,5639.711432725036343612060682517725,1903.48,200810,500,1821633217205823221
1682754071000,USDC,WETH,-117706.219909,61.9,117702.346923862065586567537497252,1901.55,200811,500,1821633217205823221
1682754155000,USDC,WETH,-20013.6619,10.52492543143438686,20013.03177066797265265382409171464,1901.55,200811,500,1821633217205823221
1682754167000,USDC,WETH,-3327.626798,1.75,3327.564040298604439038662207111324,1901.50,200811,500,1821633217205823221
1682754203000,USDC,WETH,-1079.828423,0.567884821563473554,1079.810632105698672134617096040097,1901.49,200811,500,1821633217205823221
1682754311000,USDC,WETH,-29662.288028,15.6,29662.29258786184528514464596053523,1901.43,200811,500,1821633217205823221
1682754323000,USDC,WETH,160156.195647,-84.133318887123677872,160064.8768252325761123245519464927,1903.60,200808,500,1821633217205823221
1682754359000,USDC,WETH,-2695.330985,1.417088074654769864,2694.911888490558859736084714600638,1902.02,200808,500,1821633217205823221
1682754431000,USDC,WETH,1789.251565,-0.939771278855136,1788.080106996709795251062902496614,1903.92,200808,500,1821633217205823221
1682754491000,USDC,WETH,-951.010698,0.5,950.8626750853155540110463448889495,1902.02,200808,500,1821633217205823221
1682754491000,USDC,WETH,181.447477,-0.095301726877008269,181.3284866191354025169001601518239,1903.93,200808,500,1821633217205823221
1682754515000,USDC,WETH,37.716778,-0.019810033325782671,37.69207794281008262372837104068583,1903.92,200808,500,1821633217205823221
1682754527000,USDC,WETH,1860.035429,-0.976946886187478407,1858.81543359090967013742208479851,1903.93,200808,500,1821633217205823221
1682754563000,USDC,WETH,326.443028,-0.171457349907716307,326.22852877961269851751544925473,1903.93,200808,500,1821633217205823221
1682754599000,USDC,WETH,1914.628354,-1.0056159278175611,1913.367974032319080683412433079687,1903.94,200808,500,1821633217205823221
1682754647000,USDC,WETH,2000,-1.050451039564805812,1998.679194702132213807059366450377,1903.94,200808,500,1821633217205823221
1682754731000,USDC,WETH,650,-0.341395609729460152,649.569808356524233718562817274898,1903.95,200808,500,1821633217205823221
1682754791000,USDC,WETH,250,-0.131294291836377427,249.8234069952108969439774831343492,1904.12,200807,500,1821633217205823221
1682754791000,USDC,WETH,40802.54615,-21.429516702998824038,40774.62859347625653110703670891063,1904.03,200807,500,1821633217205823221
1682754887000,USDC,WETH,9337.742784,-4.903918473039174445,9331.0985373685711575501513524766,1904.14,200807,500,1821633217205823221
1682754899000,USDC,WETH,-700.502453,0.368248802688881474,700.3507588606113160537698797481815,1902.25,200807,500,1821633217205823221
1682754959000,USDC,WETH,-4465.018782,2.347239469166647833,4464.064346489946395974242905817328,1902.24,200807,500,1821633217205823221
1682755007000,USDC,WETH,-1734.738456,0.91195,1734.373455047007038960747428442955,1902.23,200807,500,1821633217205823221
1682755007000,USDC,WETH,-389.75152,0.204892394356451263,389.6699614330013427323463260600575,1902.23,200807,500,1821633217205823221
1682755031000,USDC,WETH,-951.111329,0.5,950.9129905853155540110463448889495,1902.22,200807,500,1821633217205823221
1682755103000,USDC,WETH,2943.005873,-1.545590501389854022,2940.91847242708640265710292720299,1904.13,200807,500,1821633217205823221
1682755151000,USDC,WETH,-1999.259067,1.051008785124988097,1998.838985078380628690327492521535,1902.23,200807,500,1821633217205823221
1682755163000,USDC,WETH,6500,-3.413611654582898343,6495.370616832392742295230721424375,1904.14,200807,500,1821633217205823221
1682755175000,USDC,WETH,-4327.786673,2.275097354514334919,4326.861726551418933987445977179864,1902.24,200807,500,1821633217205823221
1682755187000,USDC,WETH,-1012.938231,0.5325,1012.724667780861065021764357306731,1902.23,200807,500,1821633217205823221
1682755247000,USDC,WETH,-3000,1.57710202297727919,2999.374001212442654672188912756777,1902.22,200807,500,1821633217205823221
1682755259000,USDC,WETH,-5209.375882,2.738596736348824577,5208.311984633498303880488984194065,1902.21,200807,500,1821633217205823221
1682755283000,USDC,WETH,224723.249251,-117.992095234463002082,224538.4384052164733789686100505173,1904.56,200802,500,1821633217205823221
1682755307000,USDC,WETH,300,-0.15747821844443816,299.7168496728546895224399571051505,1905.03,200802,500,1821633217205823221
1682755331000,USDC,WETH,-20486.472126,10.764907481560393948,20477.59133498071444058969144574163,1903.08,200803,500,1821633217205823221
1682755355000,USDC,WETH,-538.025825,0.282719733919357832,537.7987059949156587717257128982085,1903.04,200803,500,1821633217205823221
1682755403000,USDC,WETH,115000,-60.361871557152512945,114886.9157218265624815153448515153,1905.18,200800,500,1821633217205823221
1682755439000,USDC,WETH,590.069721,-0.309680539320000841,589.452686723628049748073318146211,1905.41,200800,500,1821633217205823221
1682755451000,USDC,WETH,-10088.495849,5.3,10083.03558100434487251709125582287,1903.49,200800,500,1821633217205823221
1682755451000,USDC,WETH,100,-0.052483131331601327,99.8964819487489070531233473793621,1905.37,200800,500,1821633217205823221
1682755499000,USDC,WETH,7685.724841,-4.033675111423474335,7677.736451026300080693782035892125,1905.39,200800,500,1821633217205823221
1682755583000,USDC,WETH,-266.49007,0.14,266.3450863038883551230929765689059,1903.50,200800,500,1821633217205823221
1682755607000,USDC,WETH,-57101.471948,30,57072.17553911893324066278069333695,1903.38,200801,500,1821633217205823221
1682755631000,USDC,WETH,2746.993109,-1.441857020382768721,2744.291150112986532379345002827375,1905.18,200801,500,1821633217205823221
1682755631000,USDC,WETH,484.139008,-0.254118462507731535,483.6636496931735484335156707426108,1905.17,200801,500,1821633217205823221
1682755643000,USDC,WETH,2647.654735,-1.389707637044455513,2645.042780271589185506936145147099,1905.19,200801,500,1821633217205823221
1682755691000,USDC,WETH,-193546.390087,101.711780494080155854,193472.0750575849972374461440553942,1902.89,200806,500,1821633217205823221
1682755739000,USDC,WETH,-147992.963735,77.801454508526708045,147963.4646289431486602281263800371,1902.19,200809,500,1821633217205823221
1682755775000,USDC,WETH,400,-0.210107516205050887,399.7522941873201929703339522207159,1903.79,200809,500,1821633217205823221
1682755823000,USDC,WETH,-3212.934498,1.689348281092206231,3212.555412453630395855377458861031,1901.88,200809,500,1821633217205823221
1682755847000,USDC,WETH,2100,-1.103069147329766013,2098.704000723773135124585456654461,1903.78,200809,500,1821633217205823221
1682755895000,USDC,WETH,1903.787355,-1,1902.608329670631108022092689777899,1903.79,200809,500,1821633217205823221
1682755907000,USDC,WETH,2468.888654,-1.296823919346214458,2467.353828407790848222436153120835,1903.80,200809,500,1821633217205823221
1682755907000,USDC,WETH,-2472.460934,1.3,2472.159514821820440428720496711269,1901.89,200809,500,1821633217205823221
1682755931000,USDC,WETH,-50989.799351,26.811575866861494272,50985.0576999097127569854504222502,1901.78,200810,500,1821633217205823221
1682755943000,USDC,WETH,50,-0.026266280470766556,49.97173770158106700112446384568398,1903.58,200810,500,1821633217205823221
1682755967000,USDC,WETH,-150366.941074,79.083519379180340633,150369.3311560068021281002360302149,1901.37,200813,500,1821633217205823221
1682755967000,USDC,WETH,-200,0.105204516152318016,200.0194749805305647347686025770289,1901.06,200813,500,1821633217205823221
1682755979000,USDC,WETH,-950.528353,0.5,950.6215025853155540110463448889495,1901.06,200813,500,1821633217205823221
1682755979000,USDC,WETH,-3802.093855,2,3802.476231841262216044185379555798,1901.05,200813,500,1821633217205823221
1682756003000,USDC,WETH,110000,-57.798365538258006686,109949.75298873595266635306470221,1903.17,200811,500,1821633217205823221
1682756027000,USDC,WETH,19966.721621,-10.489833187937521132,19956.19892109796286057672615996959,1903.44,200810,500,1821633217205823221
1682756123000,USDC,WETH,-2165.172641,1.138624151519191991,2165.092984664648585639187014842193,1901.57,200810,500,1821633217205823221
1682756159000,USDC,WETH,-1711.40512,0.9,1711.345746953567997219883420800109,1901.56,200810,500,1821633217205823221
1682756171000,USDC,WETH,-16315.077213,8.58,16314.67032212401490682955527829438,1901.52,200811,500,1821633217205823221
1682756231000,USDC,WETH,1000,-0.525376870321884022,999.4834885265647334722927195338615,1903.40,200811,500,1821633217205823221
1682756291000,USDC,WETH,-76253.765112,40.105322531217075404,76255.60031645701660025658802182885,1901.34,200812,500,1821633217205823221
1682756351000,USDC,WETH,-100446.463465,52.839466455967270493,100458.4867050666535988202579523977,1900.97,200815,500,1821633217205823221
1682756363000,USDC,WETH,3000,-1.57672672432755006,2999.017199287205317325533676048358,1902.68,200815,500,1821633217205823221
1682756375000,USDC,WETH,300,-0.157672109544796088,299.9011847828904579696907091323056,1902.68,200815,500,1821633217205823221
1682756387000,USDC,WETH,786.256313,-0.413235152332267576,785.996870614249528803856628671154,1902.68,200815,500,1821633217205823221
1682756411000,USDC,WETH,300,-0.157671738976652435,299.9008324783266593913340039309011,1902.69,200815,500,1821633217205823221
1682756423000,USDC,WETH,6000,-3.153413287739338288,5997.996217003351270524749264775795,1902.70,200814,500,1821633217205823221
1682756459000,USDC,WETH,-15168.133567,7.979956084448187781,15170.72795666307020690110175587907,1900.78,200815,500,1821633217205823221
1682756471000,USDC,WETH,741.272084,-0.3895994898972672,741.0339855235356944450272091759855,1902.65,200815,500,1821633217205823221
1682756507000,USDC,WETH,-66425.281481,34.949375434748955529,66439.52405052815261822803260116725,1900.61,200816,500,1821633217205823221
1682756543000,USDC,WETH,70.5,-0.03705884857840829,70.48239033606552453622184104425425,1902.38,200816,500,1821633217205823221
1682756567000,USDC,WETH,-5872.439405,3.09,5873.92797770725012378826641141371,1900.47,200816,500,1821633217205823221
1682756567000,USDC,WETH,-5701.326054,3,5702.806983511893324066278069333695,1900.44,200816,500,1821633217205823221
1682756603000,USDC,WETH,1511.662683,-0.794635265053042524,1511.302731117420580495291603038632,1902.34,200816,500,1821633217205823221
1682756615000,USDC,WETH,-115973.872667,61.032522279756159847,116011.4495237946710557748303496081,1900.20,200819,500,1821633217205823221
1682756651000,USDC,WETH,100,-0.052580078681186338,99.9886512144884853640840149742035,1901.86,200819,500,1821633217205823221
1682756687000,USDC,WETH,-105918.666647,55.754043822554746886,105965.5197033662602108264023178528,1899.75,200821,500,1821633217205823221
1682756699000,USDC,WETH,2071.744,-1.089561535989250182,2071.734116706518554665165643652404,1901.45,200821,500,1821633217205823221
1682756735000,USDC,WETH,13839.080838,-7.278064102793968376,13838.90260096332401440339788412053,1901.48,200821,500,1821633217205823221
1682756759000,USDC,WETH,5000,-2.629482562270180629,4999.887599577434629801808366611037,1901.51,200821,500,1821633217205823221
1682756759000,USDC,WETH,-48000,25.269402727269278906,48023.99142441540959181917866141817,1899.53,200822,500,1821633217205823221
1682756819000,USDC,WETH,296.608129,-0.156,296.6155502386184528514464596053523,1901.33,200822,500,1821633217205823221
1682756819000,USDC,WETH,-1227.225014,0.6461,1227.869243767444758893074086865501,1899.44,200822,500,1821633217205823221
1682756831000,USDC,WETH,984.257984,-0.517666344460336415,984.281970614050844530666086500819,1901.34,200822,500,1821633217205823221
1682756927000,USDC,WETH,316,-0.166198649846073114,316.0074915796379139180775881033853,1901.34,200822,500,1821633217205823221
1682756939000,USDC,WETH,-1003.569471,0.52835102947443994,1004.095800710787032035837920029666,1899.44,200822,500,1821633217205823221
1682757023000,USDC,WETH,850.432726,-0.447281303820421606,850.453252184058502110015930747678,1901.34,200822,500,1821633217205823221
1682757047000,USDC,WETH,-1.899438,0.001,1.900433652170631108022092689777899,1899.44,200822,500,1821633217205823221
1682757143000,USDC,WETH,2500,-1.314859378857196006,2500.056077023511171247723820635608,1901.34,200822,500,1821633217205823221
1682757179000,USDC,WETH,2000,-1.051882678142504942,2000.040274474563499222512101839884,1901.35,200822,500,1821633217205823221
1682757215000,USDC,WETH,53.328481,-0.028047593604444125,53.32949869787231392689916155736005,1901.36,200822,500,1821633217205823221
1682757227000,USDC,WETH,150,-0.078891019390870631,150.0028480595780859798420676698539,1901.36,200822,500,1821633217205823221
1682757287000,USDC,WETH,-3445.518204,1.813955882783952995,3447.31353815381596500840192874591,1899.45,200822,500,1821633217205823221
1682757299000,USDC,WETH,8126.731666,-4.274168280785978442,8126.880243386185850588926670308515,1901.36,200821,500,1821633217205823221
1682757419000,USDC,WETH,-664.81567,0.349999999927855808,665.157963191132347404321214003946,1899.47,200821,500,1821633217205823221
1682757467000,USDC,WETH,400,-0.210374212104656469,400.0058458867490474155760654701358,1901.37,200821,500,1821633217205823221
1682757479000,USDC,WETH,-1139.647949,0.6,1140.25276580237866481325561386674,1899.41,200822,500,1821633217205823221
1682757479000,USDC,WETH,-15008.921847,7.901742646096536436,15016.76343482551089916593490802206,1899.44,200822,500,1821633217205823221
1682757503000,USDC,WETH,-189,0.099504547641778074,189.100431400649033501493950959266,1899.41,200822,500,1821633217205823221
1682757503000,USDC,WETH,-5223.350524,2.75,5226.140555469235547060754896889225,1899.40,200822,500,1821633217205823221
1682757575000,USDC,WETH,100,-0.052595839188490842,100.0036349597085195753009807771126,1901.29,200822,500,1821633217205823221
1682757671000,USDC,WETH,-500.500004,0.263505724624844504,500.7687553316791469373742602740675,1899.39,200822,500,1821633217205823221
1682757695000,USDC,WETH,-5698.132449,2.999999999901290865,5701.210180918049103118689200256745,1899.38,200822,500,1821633217205823221
1682757755000,USDC,WETH,-8305.336528,4.372724861934174134,8309.88186015161929698079177740818,1899.35,200822,500,1821633217205823221
1682757791000,USDC,WETH,-550.806628,0.29,551.1105631294830213264068800355905,1899.33,200822,500,1821633217205823221
1682757815000,USDC,WETH,570.210431,-0.299915965512167166,570.2397183323190024983730534012995,1901.23,200822,500,1821633217205823221
1682757839000,USDC,WETH,-8304.400237,4.372305802831649146,8309.0153090227233161740770189653,1899.32,200822,500,1821633217205823221
1682757887000,USDC,WETH,5000,-2.629900532408549992,5000.284969912152169301645154417585,1901.21,200822,500,1821633217205823221
1682757935000,USDC,WETH,2166.260635,-1.139401675769626029,2166.376185361954212749677397829107,1901.23,200822,500,1821633217205823221
1682757959000,USDC,WETH,-6927.223216,3.647218991323252811,6931.07614272600633340659266303241,1899.32,200822,500,1821633217205823221
1682758103000,USDC,WETH,188,-0.098886094669331598,188.0124590980656891665794999990281,1901.18,200822,500,1821633217205823221
1682758103000,USDC,WETH,-6926.570383,3.646926798973633587,6930.471934677971173424551508148255,1899.29,200822,500,1821633217205823221
1682758115000,USDC,WETH,1810.000953,-0.952040218099508183,1810.119061302925700867911180714913,1901.18,200822,500,1821633217205823221
1682758163000,USDC,WETH,1500,-0.788980528867854755,1500.095349072003109234949004493799,1901.19,200822,500,1821633217205823221
1682758187000,USDC,WETH,297.869968,-0.156675449445505821,297.8886294232613651147353179580922,1901.19,200822,500,1821633217205823221
1682758223000,USDC,WETH,-8288.870403,4.364228916630881901,8293.57157796773911466909801335964,1899.27,200823,500,1821633217205823221
1682758247000,USDC,WETH,5000,-2.629960538610650137,5000.342018687709889249222239784305,1901.17,200822,500,1821633217205823221
1682758247000,USDC,WETH,100,-0.052598937320872894,100.0065803995585007112880334352638,1901.18,200822,500,1821633217205823221
1682758307000,USDC,WETH,-569.783244,0.3,570.1060176511893324066278069333695,1899.28,200822,500,1821633217205823221
1682758343000,USDC,WETH,-151.942086,0.08,152.0282151736504886417674151822319,1899.28,200822,500,1821633217205823221
1682758463000,USDC,WETH,-999.875678,0.526451558559839168,1000.443049380904128538112508503992,1899.27,200822,500,1821633217205823221
1682758487000,USDC,WETH,2600,-1.367573408813974298,2600.172077678381873507493071420693,1901.18,200822,500,1821633217205823221
1682758523000,USDC,WETH,-645.252139,0.339735,645.6171118551893594838856599616945,1899.28,200822,500,1821633217205823221
1682758691000,USDC,WETH,149109.792449,-78.418201186295194443,149108.2290891752075116660112706342,1901.47,200819,500,1821633217205823221
1682758691000,USDC,WETH,500,-0.26291431928081718,499.956495605740357173081443062874,1901.76,200819,500,1821633217205823221
1682758727000,USDC,WETH,10,-0.005258283483791088,9.99912715330701860575491901173715,1901.76,200819,500,1821633217205823221
1682758739000,USDC,WETH,500,-0.262914029098450229,499.9562197251122953026765897402533,1901.76,200819,500,1821633217205823221
1682758763000,USDC,WETH,162560.223572,-85.463647223066259599,162531.65342891096218888598542618,1902.10,200816,500,1821633217205823221
1682758823000,USDC,WETH,100.001784,-0.052565215416760009,99.9754124912192878739336171030709,1902.43,200816,500,1821633217205823221
1682758847000,USDC,WETH,-19.005308,0.01,19.00980052170631108022092689777899,1900.53,200816,500,1821633217205823221
1682758847000,USDC,WETH,32622.65517,-17.147256722164689229,32613.47579529331862107912141292472,1902.50,200815,500,1821633217205823221
1682758895000,USDC,WETH,-9822.337322,5.167897388231443974,9824.364428905970210697317247525755,1900.64,200815,500,1821633217205823221
1682758943000,USDC,WETH,5306.48656,-2.789162558008149263,5304.94099118406533746376636090928,1902.54,200815,500,1821633217205823221
1682759003000,USDC,WETH,2700.426245,-1.419369001401432947,2699.628028969139341909777179562644,1902.55,200815,500,1821633217205823221
1682759027000,USDC,WETH,-1000,0.526134281879937185,1000.203570792529262104716346318042,1900.66,200815,500,1821633217205823221
1682759075000,USDC,WETH,711.202162,-0.373813860989838199,710.9913958275146721933043703016215,1902.56,200815,500,1821633217205823221
1682759123000,USDC,WETH,-186142.25921,97.955515431448706186,186198.8733866046446924165288681449,1900.27,200819,500,1821633217205823221
1682759159000,USDC,WETH,750,-0.394364608097139652,749.9282112154793764908943893975675,1901.79,200819,500,1821633217205823221
1682759231000,USDC,WETH,-57012.409652,30.01,57037.15153764063955174300162023475,1899.78,200820,500,1821633217205823221
1682759255000,USDC,WETH,150,-0.078882146213925565,149.9944122002451090945212229707952,1901.57,200820,500,1821633217205823221
1682759303000,USDC,WETH,-1850.629898,0.974186685764236288,1851.488505105605810204013644829596,1899.67,200820,500,1821633217205823221
1682759363000,USDC,WETH,-897.245915,0.47231889782314401,897.663454157546211888371165355709,1899.66,200820,500,1821633217205823221
1682759387000,USDC,WETH,500,-0.262941786830777036,499.9826094079464211025758574797347,1901.56,200820,500,1821633217205823221
1682759423000,USDC,WETH,157490.026947,-82.80767327986363217,157471.4817728248167104321247230732,1901.88,200817,500,1821633217205823221
1682759471000,USDC,WETH,165.868384,-0.087198179410573289,165.8347788082354715424657775441896,1902.20,200817,500,1821633217205823221
1682759519000,USDC,WETH,-6000,3.157418886555197263,6001.8043984883057277871929641038,1900.29,200817,500,1821633217205823221
1682759555000,USDC,WETH,1037.624591,-0.545492944284002524,1037.420430286498914273194671739016,1902.18,200817,500,1821633217205823221
1682759579000,USDC,WETH,180,-0.094628251423380297,179.9644651374940271165761937854009,1902.18,200817,500,1821633217205823221
1682759651000,USDC,WETH,760.872914,-0.4,760.7223178682524432088370759111595,1902.18,200817,500,1821633217205823221
1682759723000,USDC,WETH,-53595.879302,28.205805814439567152,53613.61251506727755871811896398025,1900.17,200818,500,1821633217205823221
1682759867000,USDC,WETH,379.056209,-0.199297266266651638,379.0029356772573645952527811191674,1901.96,200818,500,1821633217205823221
1682759891000,USDC,WETH,3750.009094,-1.971649920616833984,3749.481015481485757026855044188781,1901.96,200818,500,1821633217205823221
1682759891000,USDC,WETH,-1805.056515,0.95,1805.707177062099552620988055289004,1900.06,200818,500,1821633217205823221
1682759903000,USDC,WETH,-15184.789537,7.991826406682376169,15190.34123093709992893636157935092,1900.04,200819,500,1821633217205823221
1682759915000,USDC,WETH,531.117496,-0.279254615238787322,531.05020239378711015571939491273,1901.91,200819,500,1821633217205823221
1682759939000,USDC,WETH,-814,0.428418969871104858,814.304191924307543455769582501052,1900.01,200819,500,1821633217205823221
1682760023000,USDC,WETH,-8060.527074,4.242402805262010162,8063.57804437238165132418473733886,1899.99,200819,500,1821633217205823221
1682760047000,USDC,WETH,-474.993356,0.25,475.1753410426577770055231724444748,1899.97,200819,500,1821633217205823221
1682760095000,USDC,WETH,4000,-2.103179815689815881,3999.5238669258353475698423793062,1901.88,200819,500,1821633217205823221
1682760107000,USDC,WETH,794.705565,-0.417850007941599279,794.6089074596930047000512228669175,1901.89,200819,500,1821633217205823221
1682760119000,USDC,WETH,100,-0.052579171699466178,99.9877889336778783290038282898004,1901.89,200819,500,1821633217205823221
1682760143000,USDC,WETH,204.049722,-0.107287618312049168,204.0247717257552573516458473546959,1901.89,200819,500,1821633217205823221
1682760143000,USDC,WETH,-600,0.315790773496411331,600.226915383335251385368179025864,1899.99,200819,500,1821633217205823221
1682760155000,USDC,WETH,1189.8,-0.625586648248923488,1189.654392692566246223087142313624,1901.89,200819,500,1821633217205823221
1682760215000,USDC,WETH,4993.457939,-2.625499844413937166,4992.821886255222258129630490699945,1901.91,200819,500,1821633217205823221
1682760239000,USDC,WETH,-1106.188205,0.5822,1106.598342550442151992604403385654,1900.01,200819,500,1821633217205823221
1682760287000,USDC,WETH,548.23969,-0.288256766005046573,548.1688697458286347590049488828855,1901.91,200819,500,1821633217205823221
1682760299000,USDC,WETH,80.211805,-0.042174217193402107,80.20141613338427434433593091811415,1901.92,200819,500,1821633217205823221
1682760323000,USDC,WETH,-646.004445,0.34,646.2441352742190513182505962746865,1900.01,200819,500,1821633217205823221
1682760347000,USDC,WETH,7000,-3.68047660735688673,6999.071466125907177410264992004285,1901.93,200818,500,1821633217205823221
1682760407000,USDC,WETH,20854.187851,-10.964433377549888908,20851.10691798446227593632132860739,1901.99,200818,500,1821633217205823221
1682760455000,USDC,WETH,488.508681,-0.256835555753053472,488.4308590589605424924799476677788,1902.03,200818,500,1821633217205823221
1682760515000,USDC,WETH,2200,-1.156656157273433911,2199.646319703360932302732628890283,1902.03,200818,500,1821633217205823221
1682760635000,USDC,WETH,2485.907727,-1.30696630233509803,2485.501767906604007715984840610696,1902.04,200818,500,1821633217205823221
1682760647000,USDC,WETH,109.378278,-0.057505481415144598,109.3602619636283672965409336493211,1902.05,200818,500,1821633217205823221
1682760659000,USDC,WETH,447.317379,-0.235176365633909072,447.2435667552761269440728756965761,1902.05,200818,500,1821633217205823221
1682760707000,USDC,WETH,2514.092273,-1.32177557843859811,2513.673390125712535501028460217635,1902.06,200818,500,1821633217205823221
1682760779000,USDC,WETH,-285.023976,0.15,285.1187142239201696992282042388322,1900.16,200818,500,1821633217205823221
1682760791000,USDC,WETH,1250,-0.657181034440083001,1249.789572386330457972016310195364,1902.06,200818,500,1821633217205823221
1682760827000,USDC,WETH,28497.813908,-14.982096471187417833,28492.55848551323049224426267413531,1902.12,200817,500,1821633217205823221
1682760827000,USDC,WETH,608.699017,-0.32,608.5771911110296953583535023761755,1902.18,200817,500,1821633217205823221
1682760839000,USDC,WETH,396,-0.208181480517238384,395.9205293134145663295158209094462,1902.19,200817,500,1821633217205823221
1682760875000,USDC,WETH,8000,-4.205648305397276866,7998.35824321255510277086984145024,1902.20,200817,500,1821633217205823221
1682760887000,USDC,WETH,-99.835594,0.05253625,99.8646144705428401024071849662823,1900.32,200817,500,1821633217205823221
1682760899000,USDC,WETH,15983.297692,-8.40230008972494908,15979.812236310837938470420298161,1902.25,200817,500,1821633217205823221
1682760995000,USDC,WETH,14434.712533,-7.587970952746430917,14431.32757485579309780228580124515,1902.32,200816,500,1821633217205823221
1682761019000,USDC,WETH,2000,-1.051331800094143342,1999.513241243511125763959544599144,1902.35,200816,500,1821633217205823221
1682761031000,USDC,WETH,200,-0.105132929999851111,199.9510864373822063581088440008034,1902.35,200816,500,1821633217205823221
1682761067000,USDC,WETH,-3135.735262,1.65,3136.541619463121866691510246627154,1900.45,200816,500,1821633217205823221
1682761091000,USDC,WETH,-8945.858844,4.707304259654576997,8948.217754061689900698896593838855,1900.42,200817,500,1821633217205823221
1682761115000,USDC,WETH,-11349.120826,5.97203,11352.23806107358647365921208373622,1900.38,200817,500,1821633217205823221
1682761139000,USDC,WETH,223.611697,-0.117550667795081006,223.5626211646140443425232972109336,1902.26,200817,500,1821633217205823221
1682761187000,USDC,WETH,-4180.898784,2.20007,4182.081259756400318334539968664851,1900.35,200817,500,1821633217205823221
1682761211000,USDC,WETH,350,-0.183993417436578191,349.9246593825437714496812545091913,1902.24,200817,500,1821633217205823221
1682761259000,USDC,WETH,5000,-2.628462191288505539,4998.909254020034641806551333164291,1902.25,200817,500,1821633217205823221
1682761295000,USDC,WETH,-22081.672816,11.62,22088.10413281301581270021155503487,1900.32,200817,500,1821633217205823221
1682761295000,USDC,WETH,903.999177,-0.475245196918670672,903.8206664080926529927448916277055,1902.17,200817,500,1821633217205823221
1682761355000,USDC,WETH,-33.907956,0.01784371644871491,33.91820457612765491830541526267753,1900.27,200817,500,1821633217205823221
1682761391000,USDC,WETH,-215.773353,0.113548558587629595,215.8385978841790210113382995795842,1900.27,200817,500,1821633217205823221
1682761451000,USDC,WETH,-7373.493307,3.880258584530038831,7375.753144447274980444204191048895,1900.26,200817,500,1821633217205823221
1682761475000,USDC,WETH,-31352.947569,16.5,31363.21366913121866691510246627154,1900.18,200818,500,1821633217205823221
1682761547000,USDC,WETH,1113,-0.58516795253434642,1112.825906680516351600411235331002,1902.02,200818,500,1821633217205823221
1682761619000,USDC,WETH,-342.021253,0.18,342.1386979687042036390738450865987,1900.12,200818,500,1821633217205823221
1682761643000,USDC,WETH,7739.917365,-4.069282662670457658,7738.67253985460565272202524563988,1902.03,200818,500,1821633217205823221
1682761751000,USDC,WETH,8400.501137,-4.416509322748941186,8399.076807530995596867889157933225,1902.07,200818,500,1821633217205823221
1682761763000,USDC,WETH,3193.098685,-1.67873001137711086,3192.537283408893600735962118399913,1902.09,200818,500,1821633217205823221
1682761763000,USDC,WETH,22.461724,-0.011808917484763983,22.4577357516706753700146144356613,1902.10,200818,500,1821633217205823221
1682761811000,USDC,WETH,620.451185,-0.326192762192220381,620.340805394468465797497223614234,1902.10,200818,500,1821633217205823221
1682761823000,USDC,WETH,-950.098744,0.5,950.405126079733898997427347462774,1900.20,200818,500,1821633217205823221
1682761883000,USDC,WETH,-798.081436,0.42,798.33955142697647515783897186873,1900.19,200818,500,1821633217205823221
1682761943000,USDC,WETH,-190.019186,0.1,190.0807438159467797994854694925548,1900.19,200818,500,1821633217205823221
1682761955000,USDC,WETH,49.512043,-0.026030292412053136,49.50332005689498771480137646127732,1902.09,200818,500,1821633217205823221
1682762003000,USDC,WETH,-973.400664,0.512265,973.716562727309771539834240296036,1900.19,200818,500,1821633217205823221
1682762015000,USDC,WETH,84681.780533,-44.533674375916469631,84679.56699631019271427149785123905,1901.52,200820,500,1821633217205823221
1682762015000,USDC,WETH,-188383.672392,99.158316889065138285,188462.789192157544776336111869811,1899.83,200822,500,1821633217205823221
1682762015000,USDC,WETH,5000,-2.628674164033810658,4999.110778948412374238089516664907,1902.10,200818,500,1821633217205823221
1682762111000,USDC,WETH,269148.435305,-141.490524002467835606,269090.8871171595740102880342467781,1902.24,200814,500,1821633217205823221
1682762123000,USDC,WETH,1250,-0.656929235485770604,1249.550184222723142092270029224109,1902.79,200814,500,1821633217205823221
1682762207000,USDC,WETH,-6067.472696,3.191927903017156219,6068.338938613728052889548267629255,1900.88,200814,500,1821633217205823221
1682762219000,USDC,WETH,111,-0.058335995782267777,110.9607025301441507227130893494234,1902.77,200814,500,1821633217205823221
1682762231000,USDC,WETH,1057.648512,-0.55584595640663494,1057.27340351969369570539958945155,1902.77,200814,500,1821633217205823221
1682762231000,USDC,WETH,-951.256144,0.500431820244529967,951.3943625556647740987123769983815,1900.87,200814,500,1821633217205823221
1682762267000,USDC,WETH,148555.954446,-78.060948610973024596,148491.4194052968771453656302427194,1903.08,200811,500,1821633217205823221
1682762267000,USDC,WETH,220,-0.115560851330827454,219.8650312529230101762784597725658,1903.76,200809,500,1821633217205823221
1682762267000,USDC,WETH,91501.417596,-48.068317154562863432,91449.8110947020776641912147839,1903.57,200809,500,1821633217205823221
1682762279000,USDC,WETH,5000,-2.626368171243378102,4996.918445064815379358552778528482,1903.77,200809,500,1821633217205823221
1682762291000,USDC,WETH,-258.845575,0.1361,258.8146237605035673070997239793671,1901.88,200809,500,1821633217205823221
1682762291000,USDC,WETH,428.335957,-0.224992264804792565,428.0707138967786861326335363455093,1903.78,200809,500,1821633217205823221
1682762303000,USDC,WETH,-1521.499355,0.8,1521.318884027574238395883755940439,1901.87,200809,500,1821633217205823221
1682762327000,USDC,WETH,-608.703058,0.320055060528066534,608.631558288707886602993978447433,1901.87,200809,500,1821633217205823221
1682762411000,USDC,WETH,160.167215,-0.084131502512286188,160.0683951371776557686843680993763,1903.77,200809,500,1821633217205823221
1682762519000,USDC,WETH,-188677.450406,99.226561423780145198,188674.5590636800901545009522448312,1901.48,200813,500,1821633217205823221
1682762543000,USDC,WETH,550,-0.289017781882981189,549.7725312988731549880592312255225,1903.00,200813,500,1821633217205823221
1682762567000,USDC,WETH,40,-0.021019461643268025,39.9834440795714293592209619279036,1903.00,200813,500,1821633217205823221
1682762603000,USDC,WETH,108.936789,-0.057244806915593438,108.8916912170213694613548194256007,1903.00,200813,500,1821633217205823221
1682762651000,USDC,WETH,150,-0.078822946416730189,149.9378822654224761098573974937726,1903.00,200813,500,1821633217205823221
1682762771000,USDC,WETH,343.202008,-0.180347859924911922,343.0597899025454562271085807864496,1903.00,200813,500,1821633217205823221
1682762771000,USDC,WETH,764.667212,-0.401821455692725804,764.34988815246411647775848660666,1903.00,200813,500,1821633217205823221
1682762795000,USDC,WETH,843.357846,-0.443171464841784671,843.0071347129736636101674354876215,1903.01,200813,500,1821633217205823221
1682762831000,USDC,WETH,947.189684,-0.497732521901682256,946.794878557163674596689104189332,1903.01,200813,500,1821633217205823221
1682762915000,USDC,WETH,14983.6,-7.87349856465735734,14977.22569489680117862782656739052,1903.04,200813,500,1821633217205823221
1682763011000,USDC,WETH,532.290674,-0.279700444272564396,532.059768207242873894597579928078,1903.07,200812,500,1821633217205823221
1682763047000,USDC,WETH,2000,-1.051060570798738569,1999.255380431019824216241965487614,1902.84,200814,500,1821633217205823221
1682763047000,USDC,WETH,60.546182,-0.031818780967722178,60.52357224161892210722767146624795,1902.84,200814,500,1821633217205823221
1682763047000,USDC,WETH,-58174.92398,30.601421169571763421,58180.5852619466361656228889360946,1901.05,200814,500,1821633217205823221
1682763047000,USDC,WETH,50.519793,-0.026549618866038262,50.5009246931902953098888687362109,1902.84,200814,500,1821633217205823221
1682763227000,USDC,WETH,-3000,1.578169959626402288,3000.384342448383324162381413627909,1900.94,200814,500,1821633217205823221
1682763299000,USDC,WETH,1000,-0.525531864896534734,999.6291918616422102066987420902575,1902.83,200814,500,1821633217205823221
1682763323000,USDC,WETH,1378.587053,-0.724489562171509463,1378.074090797868271354747196580144,1902.84,200814,500,1821633217205823221
1682763371000,USDC,WETH,-317.424345,0.166982929188255531,317.4647649454520317867326068769916,1900.94,200814,500,1821633217205823221
1682763407000,USDC,WETH,-193504.718078,101.815625,193549.645436948813520219877548029,1900.54,200818,500,1821633217205823221
1682763527000,USDC,WETH,-3420.24443,1.8,3421.402929687042036390738450865987,1900.14,200818,500,1821633217205823221
1682763563000,USDC,WETH,-216264.273944,113.841511338764457743,216362.5719080299116112488572549657,1899.70,200822,500,1821633217205823221
1682763575000,USDC,WETH,-1211.482865,0.637866804377802,1212.168744094880355853558825714607,1899.27,200823,500,1821633217205823221
1682763635000,USDC,WETH,-768.63402,0.4047,769.0699573521366178485176950363695,1899.27,200823,500,1821633217205823221
1682763683000,USDC,WETH,-32909.07069,17.327827834708064188,32928.30067886290899276912151241587,1899.20,200823,500,1821633217205823221
1682763707000,USDC,WETH,-13293.798353,7,13300.4330412030850839473291020139,1899.11,200823,500,1821633217205823221
1682763719000,USDC,WETH,19606.821312,-10.313805837256767226,19606.7330005943223777514954805083,1901.03,200823,500,1821633217205823221
1682763731000,USDC,WETH,-117623.148423,61.941589949571842048,117687.3551205040730481075526624317,1898.94,200825,500,1821633217205823221
1682763743000,USDC,WETH,-355625.457234,187.366478805616842901,355905.4731660492163043620109193827,1898.02,200833,500,1821633217205823221
1682763767000,USDC,WETH,-352206.776041,185.699307085984874741,352611.4777845711338275074644063414,1896.65,200840,500,1821633217205823221
1682763779000,USDC,WETH,-18864.53521,9.95,18889.79074125652808361084636643404,1895.93,200840,500,1821633217205823221
1682763803000,USDC,WETH,959.75,-0.505706600654116652,960.5515704365777804088459097776095,1897.84,200840,500,1821633217205823221
1682763803000,USDC,WETH,11467.337168,-6.042385502310723145,11476.9852358879082591029059123026,1897.82,200840,500,1821633217205823221
1682763803000,USDC,WETH,-176.225063,0.092948615677935645,176.4606403700595595538416704081568,1895.94,200840,500,1821633217205823221
1682763827000,USDC,WETH,1950,-1.027481058512471294,1951.625716879099975319347351539146,1897.85,200840,500,1821633217205823221
1682763839000,USDC,WETH,594.75,-0.313380909809609677,595.245070852814460260368816832769,1897.85,200840,500,1821633217205823221
1682763887000,USDC,WETH,2723.341219,-1.434956303939465406,2725.603518447200865470505273256185,1897.86,200840,500,1821633217205823221
1682763923000,USDC,WETH,5000,-2.63453032500417547,5004.13381928607234368006585895516,1897.87,200840,500,1821633217205823221
1682763935000,USDC,WETH,4000,-2.107613002108396926,4003.296354745250515772909517770546,1897.88,200840,500,1821633217205823221
1682763935000,USDC,WETH,-1879.390299,0.99125,1881.88306998384758420896999605304,1895.98,200840,500,1821633217205823221
1682763995000,USDC,WETH,160546.875,-84.578478135842172002,160665.690143125049996413658321008,1898.20,200837,500,1821633217205823221
1682764019000,USDC,WETH,2000,-1.053455074627727675,2001.314144854128832651694565191121,1898.51,200836,500,1821633217205823221
1682764043000,USDC,WETH,2757.594723,-1.452494030857496122,2759.399964727062613370587499434476,1898.52,200836,500,1821633217205823221
1682764043000,USDC,WETH,1984.312736,-1.045182036546060213,1985.606950134078446126254310043192,1898.53,200836,500,1821633217205823221
1682764043000,USDC,WETH,-30,0.015817455074628175,30.03456757035117518571375101800089,1896.64,200836,500,1821633217205823221
1682764127000,USDC,WETH,-40474.077352,21.340778480196083245,40521.55186415878232286007517692964,1896.56,200837,500,1821633217205823221
1682764139000,USDC,WETH,963.895078,-0.507745595943412386,964.4744204701609183606047020883305,1898.38,200837,500,1821633217205823221
1682764151000,USDC,WETH,996.87336,-0.525116330495715258,997.471526166132053947475414892261,1898.39,200837,500,1821633217205823221
1682764187000,USDC,WETH,2490,-1.311636028338186687,2491.489674030513327074127386103095,1898.39,200837,500,1821633217205823221
1682764187000,USDC,WETH,-189.64894,0.1,189.8576687761717460678708661276655,1896.49,200837,500,1821633217205823221
1682764187000,USDC,WETH,189.64894,-0.099900024669352482,189.7626590214703553353212584385768,1898.39,200837,500,1821633217205823221
1682764271000,USDC,WETH,-189.4603,0.099900024669352479,189.6683390214703524843252951534244,1896.50,200837,500,1821633217205823221
1682764271000,USDC,WETH,189.4603,-0.099800149161327596,189.5734241314003540591360642855213,1898.40,200837,500,1821633217205823221
1682764283000,USDC,WETH,-1896.495728,1,1898.579851761717460678708661276655,1896.50,200837,500,1821633217205823221
1682764367000,USDC,WETH,-2370.60934,1.25,2373.219654702146825848385826595819,1896.49,200837,500,1821633217205823221
1682764379000,USDC,WETH,-515.79595,0.271975152139897008,516.364661954903847843702701004744,1896.48,200837,500,1821633217205823221
1682764391000,USDC,WETH,1500,-0.79014668214856553,1500.901667069572233614520185008398,1898.38,200837,500,1821633217205823221
1682764427000,USDC,WETH,1500,-0.790144265059092874,1500.899370032129086516617368241064,1898.39,200837,500,1821633217205823221
1682764475000,USDC,WETH,-168.977383,0.0891,169.16327160956902574647294171975,1896.49,200837,500,1821633217205823221
1682764475000,USDC,WETH,-199.700618,0.1053,199.9202673113088486094680220324318,1896.49,200837,500,1821633217205823221
1682764487000,USDC,WETH,1841.719134,-0.970146631516103466,1842.820943749033057985816144737068,1898.39,200837,500,1821633217205823221
1682764511000,USDC,WETH,4578.95143,-2.41199927886440464,4581.675784163038730958690468351332,1898.40,200837,500,1821633217205823221
1682764523000,USDC,WETH,7200.999415,-3.793138458574112289,7205.240518692153113034312202787695,1898.43,200837,500,1821633217205823221
1682764535000,USDC,WETH,160,-0.084279634417306964,160.0936325036301834023384265066478,1898.44,200837,500,1821633217205823221
1682764667000,USDC,WETH,-948.271267,0.5,949.3016273808587303393543306383275,1896.54,200837,500,1821633217205823221
1682764679000,USDC,WETH,277493.604005,-146.128033757630326462,277616.9467911001793659259300522366,1898.98,200831,500,1821633217205823221
1682764691000,USDC,WETH,101.793783,-0.053589401344123896,101.8246138023217155709995828313119,1899.51,200831,500,1821633217205823221
1682764715000,USDC,WETH,6289.201194,-3.31093237339322757,6291.08554075140688888130095454563,1899.53,200831,500,1821633217205823221
1682764739000,USDC,WETH,-3795.262975,2,3798.29546302343492135741732255331,1897.63,200831,500,1821633217205823221
1682764763000,USDC,WETH,-17179.196677,9.05316142,17193.10722629629266795685226768966,1897.59,200832,500,1821633217205823221
1682764799000,USDC,WETH,1821.683312,-0.959053184450035388,1822.260575147607188813466111568671,1899.46,200831,500,1821633217205823221
1682764883000,USDC,WETH,5824.599776,-3.066426193044217647,5826.422787360307308458295739144725,1899.47,200831,500,1821633217205823221
1682764895000,USDC,WETH,-20.873063,0.011,20.89018336537889206746579527404321,1897.55,200832,500,1821633217205823221
1682764895000,USDC,WETH,-3409.976949,1.797047095901665465,3412.779813249651448572993411480039,1897.54,200832,500,1821633217205823221
1682764895000,USDC,WETH,-9296.574852,4.899201922696929173,9304.15572764260074768430876873511,1897.57,200832,500,1821633217205823221
1682764919000,USDC,WETH,5000,-2.632345640680720742,5001.602265184001012384961414369405,1899.45,200832,500,1821633217205823221
1682764931000,USDC,WETH,702.799332,-0.37,703.0225014718354604511222046723625,1899.46,200832,500,1821633217205823221
1682764967000,USDC,WETH,15000,-7.896864605735729153,15004.64303785398673766890845751301,1899.49,200831,500,1821633217205823221
1682764979000,USDC,WETH,-4303.922727,2.268075811881605874,4307.386358199717667042548983020487,1897.61,200831,500,1821633217205823221
1682764991000,USDC,WETH,427.278668,-0.224942555922711628,427.4094403022318323612711545870776,1899.50,200831,500,1821633217205823221
1682765051000,USDC,WETH,-10049.876014,5.296144001370968343,10058.03306329516842963035687006925,1897.58,200831,500,1821633217205823221
1682765051000,USDC,WETH,905.053686,-0.476478238111527992,905.339354149729317846458309901275,1899.46,200831,500,1821633217205823221
1682765087000,USDC,WETH,6074.77014,-3.198125396732960854,6076.66593538846595290655554459981,1899.48,200831,500,1821633217205823221
1682765111000,USDC,WETH,-10625.046062,5.599288955329210571,10633.70643397023908573954022791992,1897.57,200832,500,1821633217205823221
1682765147000,USDC,WETH,1174.797128,-0.618492898791089096,1175.172149924642438810675696186434,1899.45,200832,500,1821633217205823221
1682765159000,USDC,WETH,6309.922256,-3.321945754425133288,6311.91244003943504489801290011636,1899.47,200831,500,1821633217205823221
1682765183000,USDC,WETH,1061.748423,-0.55895877448812868,1062.070614736156894703267499824431,1899.51,200831,500,1821633217205823221
1682765183000,USDC,WETH,8030.881186,-4.227906554108202172,8033.355432636441027496644884963895,1899.49,200831,500,1821633217205823221
1682765207000,USDC,WETH,-349.284946,0.184055449823326013,349.5562544889784587465791983245492,1897.72,200831,500,1821633217205823221
1682765207000,USDC,WETH,11788.561023,-6.205835649335059276,11791.8846398551154827247678583273,1899.59,200831,500,1821633217205823221
1682765207000,USDC,WETH,14672.193977,-7.724070841914997238,14676.52858530940183809399891875855,1899.54,200831,500,1821633217205823221
1682765255000,USDC,WETH,-18071.62114,9.523006599839546794,18085.82836149347079117786273018267,1897.68,200831,500,1821633217205823221
1682765303000,USDC,WETH,14677.040305,-7.726495616100587851,14681.25608978106746495020431533415,1899.57,200831,500,1821633217205823221
1682765327000,USDC,WETH,1456.076174,-0.766515654300674037,1456.482432402033010785909836329596,1899.60,200831,500,1821633217205823221
1682765327000,USDC,WETH,-9488.446423,5,9495.883150308587303393543306383275,1897.69,200831,500,1821633217205823221
1682765339000,USDC,WETH,455.377788,-0.239726660596469627,455.5088078841215689785883391313404,1899.57,200831,500,1821633217205823221
1682765339000,USDC,WETH,-1026.467627,0.540909247278500138,1027.277173664871396819925034819564,1897.67,200831,500,1821633217205823221
1682765351000,USDC,WETH,-1000.402481,0.527175,1001.192506148283402333298238508521,1897.67,200831,500,1821633217205823221
1682765375000,USDC,WETH,1207.536519,-0.635690652596675278,1207.885420983741796208648035012927,1899.57,200831,500,1821633217205823221
1682765375000,USDC,WETH,200,-0.105287041990246097,200.0576439001419862481875681007325,1899.57,200831,500,1821633217205823221
1682765387000,USDC,WETH,-9488.259596,5,9495.789736808587303393543306383275,1897.65,200831,500,1821633217205823221
1682765387000,USDC,WETH,50,-0.026322263218872091,50.0148887271778576372706382524613,1899.53,200831,500,1821633217205823221
1682765399000,USDC,WETH,11425.429063,-6.014792663951759263,11428.76439980787124704670508615118,1899.55,200831,500,1821633217205823221
1682765531000,USDC,WETH,-5894.874737,3.106380706454590248,5899.530320009638899274586355740755,1897.67,200831,500,1821633217205823221
1682765615000,USDC,WETH,-2149.394686,1.132660702805926408,2151.101040157139953042304461730769,1897.65,200831,500,1821633217205823221
1682765687000,USDC,WETH,16868.257512,-8.88,16873.0768073240510508269329121367,1899.58,200831,500,1821633217205823221
1682765747000,USDC,WETH,368.613773,-0.194046882904973102,368.7158464500483191042085067451031,1899.61,200831,500,1821633217205823221
1682765879000,USDC,WETH,5974.720289,-3.145211700813570692,5976.35543206557282233400042793153,1899.62,200831,500,1821633217205823221
1682765903000,USDC,WETH,113.978161,-0.06,114.0089997657030476407225196765993,1899.64,200831,500,1821633217205823221
1682765915000,USDC,WETH,-6562.816877,3.458256124559749305,6567.899855542000130818763278493105,1897.72,200831,500,1821633217205823221
1682765939000,USDC,WETH,-15940.518747,8.4,15953.0480706984266697011527547239,1897.68,200831,500,1821633217205823221
1682765963000,USDC,WETH,871.251667,-0.458661967062221614,871.506972368940447927503977416498,1899.55,200831,500,1821633217205823221
1682766059000,USDC,WETH,44007.651078,-23.166340117003992673,44019.53959155642261100911104722762,1899.64,200830,500,1821633217205823221
1682766131000,USDC,WETH,-249348.941798,131.420205718024568832,249567.2962310641155943400118598893,1897.34,200835,500,1821633217205823221
1682766191000,USDC,WETH,-85351.200515,45,85440.5397067772857305418897574495,1896.69,200837,500,1821633217205823221
1682766263000,USDC,WETH,-37111.945311,19.569100165906194432,37153.11451487378869631225918100015,1896.46,200838,500,1821633217205823221
1682766287000,USDC,WETH,-80931.252644,42.685,81030.547219608909809070679206594,1896.01,200840,500,1821633217205823221
1682766287000,USDC,WETH,-56888.23615,30,56954.07770785152382036125983829965,1896.27,200839,500,1821633217205823221
1682766311000,USDC,WETH,-455.009586,0.24,455.5844700628121905628900787063972,1895.87,200840,500,1821633217205823221
1682766311000,USDC,WETH,3022.641459,-1.592736727400457765,3024.949389631569748047222358613202,1897.77,200840,500,1821633217205823221
1682766347000,USDC,WETH,-932.768411,0.492,933.9475434787649906539246613481145,1895.87,200840,500,1821633217205823221
1682766371000,USDC,WETH,2699.318512,-1.422362415499258273,2701.375757638967998905207785467278,1897.77,200840,500,1821633217205823221
1682766371000,USDC,WETH,-2962.313598,1.562505951458130575,2966.056185738718842285259365488294,1895.87,200840,500,1821633217205823221
1682766383000,USDC,WETH,-547.97186,0.289034953328850292,548.665091729621533118931119378483,1895.87,200840,500,1821633217205823221
1682766395000,USDC,WETH,1084.605944,-0.571517407398311936,1085.434245813261070881818022649216,1897.77,200840,500,1821633217205823221
1682766419000,USDC,WETH,31.013336,-0.016342010992499347,31.03700379052574164630263505178623,1897.77,200840,500,1821633217205823221
1682766479000,USDC,WETH,1459.757541,-0.769196192762251909,1460.870517346496045989106209252399,1897.77,200840,500,1821633217205823221
1682766479000,USDC,WETH,445.923274,-0.234971800994019659,446.2628557065974012387999593339618,1897.77,200840,500,1821633217205823221
1682766539000,USDC,WETH,-834.185248,0.44,835.238698615155682698631810961728,1895.88,200840,500,1821633217205823221
1682766539000,USDC,WETH,300,-0.158080115556929048,300.2285904428183780096791994468803,1897.77,200840,500,1821633217205823221
1682766563000,USDC,WETH,-2563.338196,1.352063982751708908,2566.578750309455997802013251754929,1895.87,200840,500,1821633217205823221
1682766611000,USDC,WETH,2000,-1.053862864416269476,2001.519590768970711241279833811398,1897.78,200840,500,1821633217205823221
1682766611000,USDC,WETH,3680,-1.939118218325661766,3682.806070926386164391553905233617,1897.77,200840,500,1821633217205823221
1682766623000,USDC,WETH,2534.769035,-1.335643677302713659,2536.68942829245778229610606460554,1897.79,200840,500,1821633217205823221
1682766623000,USDC,WETH,2996.463779,-1.578915730150561718,2998.726013842226807229028736887337,1897.80,200840,500,1821633217205823221
1682766659000,USDC,WETH,-321238.295275,169.49,321690.9162432334924104343309997803,1895.32,200846,500,1821633217205823221
1682766671000,USDC,WETH,205506.05503,-108.33160793436833046,205704.0198206912983829329159975144,1897.01,200842,500,1821633217205823221
1682766695000,USDC,WETH,2314.782384,-1.219984419105039778,2316.781410046416647729059250766283,1897.39,200842,500,1821633217205823221
1682766719000,USDC,WETH,1681,-0.885951947395087169,1682.448475229337731007117478021236,1897.39,200842,500,1821633217205823221
1682766743000,USDC,WETH,1231.72056,-0.649162512750450586,1232.775443957416366407258537722039,1897.40,200842,500,1821633217205823221
1682766767000,USDC,WETH,-612.192625,0.322970965266852362,613.023595079668575115902293267816,1895.50,200842,500,1821633217205823221
1682766767000,USDC,WETH,4000,-2.108140573741378922,4003.418038088247376815996733126394,1897.41,200842,500,1821633217205823221
1682766779000,USDC,WETH,146289.0625,-77.088380922677144039,146403.5229847967329777893552022292,1897.68,200839,500,1821633217205823221
1682766791000,USDC,WETH,10032.076443,-5.285700576698524273,10039.16998566781160003545546101563,1897.97,200839,500,1821633217205823221
1682766827000,USDC,WETH,1000,-0.52687408643963492,1000.701453082475041085977208380135,1897.99,200839,500,1821633217205823221
1682766851000,USDC,WETH,212.017605,-0.111706443770024648,212.166194092906386135222938203459,1897.99,200839,500,1821633217205823221
1682766887000,USDC,WETH,-403.867413,0.213,404.3528655580081271113767911960064,1896.09,200839,500,1821633217205823221
1682766899000,USDC,WETH,-1896.086694,1,1898.368037413183695358576484488293,1896.09,200839,500,1821633217205823221
1682766947000,USDC,WETH,-725,0.382367505179783583,725.873280984039246556786885914205,1896.08,200839,500,1821633217205823221
1682766971000,USDC,WETH,2271.66653,-1.196885104467238475,2273.262731362979429293857202642931,1897.98,200839,500,1821633217205823221
1682767007000,USDC,WETH,216957.766623,-114.284149582279235331,217085.9323824134910546880719557851,1898.41,200835,500,1821633217205823221
1682767031000,USDC,WETH,-13183.473151,6.95,13196.49317387162668274210656719364,1896.90,200835,500,1821633217205823221
1682767043000,USDC,WETH,-1414.119839,0.7455,1415.526976203028444889818769186023,1896.87,200835,500,1821633217205823221
1682767091000,USDC,WETH,3224.720329,-1.698315148112314656,3226.310981853855639426150959932063,1898.78,200835,500,1821633217205823221
1682767103000,USDC,WETH,800,-0.421322286896287759,800.3929718588892261592042325187285,1898.78,200835,500,1821633217205823221
1682767163000,USDC,WETH,2000,-1.053302710263417416,2000.97957204244948035864385421848,1898.79,200835,500,1821633217205823221
1682767187000,USDC,WETH,120,-0.063198026013528584,120.0586445060308813235761463197687,1898.79,200835,500,1821633217205823221
1682767235000,USDC,WETH,-2000,1.05435654655490082,2001.981058689899623878306705027004,1896.89,200835,500,1821633217205823221
1682767307000,USDC,WETH,1000,-0.52665176429502,1000.490174859221872182330371889366,1898.79,200835,500,1821633217205823221
1682767331000,USDC,WETH,-37.937829,0.02,37.97540830826367390717152968976586,1896.89,200835,500,1821633217205823221
1682767343000,USDC,WETH,-379.378157,0.2,379.7540165826367390717152968976586,1896.89,200835,500,1821633217205823221
1682767343000,USDC,WETH,1926.582814,-1.014635997789943686,1927.525047481799969526092715146189,1898.79,200835,500,1821633217205823221
1682767343000,USDC,WETH,36.862944,-0.019413915195550707,36.88099494791952823093149213909679,1898.79,200835,500,1821633217205823221
1682767391000,USDC,WETH,-515.797547,0.271916546368593865,516.3077812459560739497441743660795,1896.90,200835,500,1821633217205823221
1682767475000,USDC,WETH,32.858016,-0.017304677011165996,32.87406982333646208170141273350451,1898.79,200835,500,1821633217205823221
1682767487000,USDC,WETH,-1896.891965,1,1898.770672913183695358576484488293,1896.89,200835,500,1821633217205823221
1682767631000,USDC,WETH,189.878699,-0.1,189.9718185413183695358576484488293,1898.79,200835,500,1821633217205823221
1682767691000,USDC,WETH,113.369304,-0.059706154566537105,113.4248848542060682620745974052865,1898.79,200835,500,1821633217205823221
1682767715000,USDC,WETH,350,-0.184328063704468406,350.1715100744105400664474930775226,1898.79,200835,500,1821633217205823221
1682767763000,USDC,WETH,500,-0.263325577084408743,500.2447975206136775469303610298235,1898.79,200835,500,1821633217205823221
1682767799000,USDC,WETH,556.654754,-0.293162552504756911,556.9269889498218217561007530245365,1898.79,200835,500,1821633217205823221
1682767847000,USDC,WETH,-70787.006215,37.32,70859.6205537200155107820744011031,1896.76,200836,500,1821633217205823221
1682767895000,USDC,WETH,2602.881044,-1.371002401728234473,2604.337954978115728492593896817235,1898.52,200836,500,1821633217205823221
1682767919000,USDC,WETH,-146090.055711,77.037561914970403164,146255.7250325307192594459242799605,1896.35,200839,500,1821633217205823221
1682767931000,USDC,WETH,-95810.862302,50.536075260402180096,95931.11122753905340006747840483155,1895.89,200841,500,1821633217205823221
1682768087000,USDC,WETH,-239486.607112,126.359395308655940967,239825.7567834955533130282101542913,1895.28,200846,500,1821633217205823221
1682768219000,USDC,WETH,5442.463391,-2.86935858831313364,5447.934822638467757160241448592625,1896.75,200846,500,1821633217205823221
1682768231000,USDC,WETH,500,-0.263606941278956394,500.5012353800292865619928733354395,1896.76,200846,500,1821633217205823221
1682768255000,USDC,WETH,3500,-1.845241518628176117,3503.501928849926853863906356547041,1896.77,200846,500,1821633217205823221
1682768291000,USDC,WETH,1000,-0.527209589871768348,1000.998391492733275277852480502607,1896.78,200846,500,1821633217205823221
1682768303000,USDC,WETH,1326.258361,-0.699214568043295556,1327.581005026145534000650515959961,1896.78,200846,500,1821633217205823221
1682768363000,USDC,WETH,33.099276,-0.01745019392636367,33.13226330935918634625362022410643,1896.79,200846,500,1821633217205823221
1682768363000,USDC,WETH,50000,-26.359123112920220145,50048.6306289382671411168038940415,1896.88,200845,500,1821633217205823221
1682768399000,USDC,WETH,124804.6875,-65.783827173384531474,124915.6064698943552348865227505604,1897.19,200842,500,1821633217205823221
1682768447000,USDC,WETH,3000,-1.581088430007566744,3002.481698851926512820458980735436,1897.43,200842,500,1821633217205823221
1682768447000,USDC,WETH,204.91571,-0.107996950821571649,205.0855379692861483544613575705666,1897.42,200842,500,1821633217205823221
1682768471000,USDC,WETH,118750,-62.577453468679584197,118841.2998052544834128889609771257,1897.65,200840,500,1821633217205823221
1682768495000,USDC,WETH,157930.268627,-83.20154411848260743,158030.1600145880774886175839638276,1898.17,200837,500,1821633217205823221
1682768579000,USDC,WETH,-14685.118245,7.743093537118698792,14700.69046494730269001348644750053,1896.54,200837,500,1821633217205823221
1682768687000,USDC,WETH,-151.72123,0.08,151.883267260872516205673375847846,1896.52,200837,500,1821633217205823221
1682768783000,USDC,WETH,-651.71801,0.34364,652.4143077865778933614699859544225,1896.51,200837,500,1821633217205823221
1682768819000,USDC,WETH,1000,-0.526755926013665552,1000.56728237113484186897945604822,1898.41,200837,500,1821633217205823221
1682768855000,USDC,WETH,300,-0.158026568327789803,300.1699856495321828704481551172647,1898.41,200837,500,1821633217205823221
1682768867000,USDC,WETH,1500,-0.790131391422482774,1500.848550131384463965869235715715,1898.42,200837,500,1821633217205823221
1682768927000,USDC,WETH,11437.034014,-6.024426927475175954,11443.42842423102439321716137981458,1898.44,200837,500,1821633217205823221
1682768951000,USDC,WETH,193401.230874,-101.852304908024808405,193489.1449118891134930484725918486,1898.84,200833,500,1821633217205823221
1682768951000,USDC,WETH,-34.151681,0.018,34.18093725869631614627650956576534,1897.32,200833,500,1821633217205823221
1682769059000,USDC,WETH,24988.262311,-13.156822482042174754,24996.83791062902358510303311875139,1899.26,200832,500,1821633217205823221
1682769107000,USDC,WETH,1333.282044,-0.701980963817252816,1333.721705825389284828481661590301,1899.31,200832,500,1821633217205823221
1682769131000,USDC,WETH,-13281.741969,6.999999999738595495,13292.85305707793687070841399960092,1897.39,200833,500,1821633217205823221
1682769191000,USDC,WETH,-2821.458973,1.487044188013186135,2823.842526523474749854404079966958,1897.36,200833,500,1821633217205823221
1682769203000,USDC,WETH,975,-0.513358981974429166,975.3363921454693841240061380337,1899.26,200833,500,1821633217205823221
1682769215000,USDC,WETH,30,-0.015795644800478537,30.01033514878798570015026926246235,1899.26,200833,500,1821633217205823221
1682769227000,USDC,WETH,735.894307,-0.387462676919903978,736.146407894358193209886174955357,1899.27,200833,500,1821633217205823221
1682769227000,USDC,WETH,1505.800669,-0.792835175261700424,1506.318244863852092111128537926742,1899.26,200833,500,1821633217205823221
1682769227000,USDC,WETH,-3357.485392,1.769555255673794829,3360.321244231103273963288043659342,1897.36,200833,500,1821633217205823221
1682769251000,USDC,WETH,-474.338433,0.25,474.7400048152266131427292995245187,1897.35,200833,500,1821633217205823221
1682769251000,USDC,WETH,-5692.0254,3,5696.862159782719357712751594294225,1897.34,200833,500,1821633217205823221
1682769299000,USDC,WETH,2051.699908,-1.080277856811336259,2052.419802168610609757303610892764,1899.23,200833,500,1821633217205823221
1682769335000,USDC,WETH,1800,-0.947747036208859635,1800.628042062233617634083335751982,1899.24,200833,500,1821633217205823221
1682769347000,USDC,WETH,-967.645344,0.51,968.467080163062290811167771030018,1897.34,200833,500,1821633217205823221
1682769371000,USDC,WETH,200,-0.105305219402499525,200.0697759486388359295105968058133,1899.24,200833,500,1821633217205823221
1682769383000,USDC,WETH,7400.610043,-3.896584128440621884,7403.163274020955079303902093190745,1899.26,200833,500,1821633217205823221
1682769395000,USDC,WETH,2300,-1.210988663920131372,2300.782126113234536765372058576225,1899.27,200832,500,1821633217205823221
1682769419000,USDC,WETH,-1954.297752,1.03,1955.940523858733646148044714041017,1897.38,200832,500,1821633217205823221
1682769515000,USDC,WETH,23963.880143,-12.61709821990312215,23971.75595291210860953989669771441,1899.32,200832,500,1821633217205823221
1682769539000,USDC,WETH,320.979766,-0.168993207667723978,321.0812812621599364687088206345691,1899.36,200832,500,1821633217205823221
1682769551000,USDC,WETH,-1565.407465,0.825,1566.687333940247823371006688430912,1897.46,200832,500,1821633217205823221
1682769587000,USDC,WETH,-616.674295,0.325,617.179172309794597085548089381874,1897.46,200832,500,1821633217205823221
1682769623000,USDC,WETH,-1904.285329,1.0036,1905.846837112645715800172500011228,1897.45,200832,500,1821633217205823221
1682769647000,USDC,WETH,85,-0.04475215565100196,85.02721958725703633378432694176485,1899.35,200832,500,1821633217205823221
1682769707000,USDC,WETH,1488.956285,-0.783928193760635962,1489.431898396983993358962340000934,1899.35,200832,500,1821633217205823221
1682769815000,USDC,WETH,-49.970551,0.02633554112953136,50.01149656740335480581959291240335,1897.46,200832,500,1821633217205823221
1682769875000,USDC,WETH,16875,-8.884439464414841729,16880.23314919977468197162743435062,1899.39,200832,500,1821633217205823221
1682769899000,USDC,WETH,10000,-5.264708779108028504,10002.9640596111543457710333386642,1899.44,200832,500,1821633217205823221
1682769923000,USDC,WETH,-46091.087854,24.290793575606511946,46128.67584123712484132096632569046,1897.47,200832,500,1821633217205823221
1682769923000,USDC,WETH,305.316328,-0.160753579386728612,305.4195823175979179025423171715121,1899.28,200832,500,1821633217205823221
1682770031000,USDC,WETH,-18.973834,0.01,18.98974853260906452570917198098075,1897.38,200832,500,1821633217205823221
1682770031000,USDC,WETH,1339.066482,-0.705037229346382072,1339.518242469612846962025720975195,1899.28,200832,500,1821633217205823221
1682770043000,USDC,WETH,-12655.422533,6.670002199652022835,12666.10198904250637502322263463616,1897.36,200833,500,1821633217205823221
1682770163000,USDC,WETH,-1428.526671,0.75291148038941294,1429.742431210788459890519241338086,1897.34,200833,500,1821633217205823221
1682770187000,USDC,WETH,1899.236489,-1,1899.901397760906452570917198098075,1899.24,200833,500,1821633217205823221
1682770199000,USDC,WETH,-2322.507356,1.224088010225164598,2324.483892225638114513857807403385,1897.34,200833,500,1821633217205823221
1682770211000,USDC,WETH,20000,-10.530362274714126576,20006.82586739503184166465113206053,1899.27,200832,500,1821633217205823221
1682770235000,USDC,WETH,-56.92229,0.03,56.96963959782719357712751594294225,1897.41,200832,500,1821633217205823221
1682770259000,USDC,WETH,-22100.670317,11.648804060354633204,22119.99741269225128333643599834818,1897.25,200833,500,1821633217205823221
1682770259000,USDC,WETH,-18.547724,0.009776340453283312,18.56415363329822523643443758397039,1897.21,200833,500,1821633217205823221
1682770259000,USDC,WETH,-27890.967866,14.7,27914.6462859353248527924828120417,1897.34,200833,500,1821633217205823221
1682770259000,USDC,WETH,-2798.523856,1.474922390727969926,2800.855828276089995350707567281889,1897.40,200832,500,1821633217205823221
1682770271000,USDC,WETH,-4211.777382,2.22,4215.517291239212324707436179777726,1897.20,200833,500,1821633217205823221
1682770319000,USDC,WETH,-11367.689115,5.991928959718592895,11377.87370345672737792112221855211,1897.17,200834,500,1821633217205823221
1682770391000,USDC,WETH,-2199.279898,1.159260351146561,2201.265530937899658010598034054357,1897.14,200834,500,1821633217205823221
1682770439000,USDC,WETH,-1104.511545,0.5822,1105.510624328499736686787992732699,1897.13,200834,500,1821633217205823221
1682770463000,USDC,WETH,104579.186081,-55.063901952134811673,104615.8914184240512407239411271505,1899.23,200832,500,1821633217205823221
1682770487000,USDC,WETH,250777.048276,-131.993400368733711109,250819.628850029563463030753281197,1899.92,200827,500,1821633217205823221
1682770487000,USDC,WETH,1000,-0.526202635379498036,1000.041499602628408137720148336414,1900.41,200827,500,1821633217205823221
1682770535000,USDC,WETH,300,-0.157860581558862881,300.0122512193567179866486573499268,1900.41,200826,500,1821633217205823221
1682770547000,USDC,WETH,95410.719167,-50.200410853145621803,95409.96430402025256839717999060465,1900.60,200825,500,1821633217205823221
1682770559000,USDC,WETH,19013.751349,-10,19009.70720710906452570917198098075,1901.38,200821,500,1821633217205823221
1682770559000,USDC,WETH,143887.694252,-75.688151663189143488,143869.0225529851004612383035731431,1901.06,200822,500,1821633217205823221
1682770715000,USDC,WETH,3988.420229,-2.097601216320215362,3987.525212628687004098944881123966,1901.42,200821,500,1821633217205823221
1682770835000,USDC,WETH,1059.995724,-0.557473074813634815,1059.748562410979088169184319935592,1901.43,200821,500,1821633217205823221
1682770871000,USDC,WETH,-3582.02666,1.88575,3582.987558771435148101565560650608,1899.52,200821,500,1821633217205823221
1682770943000,USDC,WETH,249.31477,-0.131120834980540023,249.2577599914462805201861725471048,1901.41,200821,500,1821633217205823221
1682770943000,USDC,WETH,-1498.354373,0.78880942364325,1498.76019516008388212283766899632,1899.51,200821,500,1821633217205823221
1682770955000,USDC,WETH,-147313.808663,77.56515145860366336,147364.846775923098348400459812969,1899.23,200824,500,1821633217205823221
1682770979000,USDC,WETH,595.041708,-0.313040927659097111,594.994683996449777039269446477497,1900.84,200824,500,1821633217205823221
1682771075000,USDC,WETH,211.940461,-0.111498039328354288,211.9236246587987910548019809813297,1900.84,200824,500,1821633217205823221
1682771087000,USDC,WETH,661.986963,-0.348259046877897663,661.934081760742804891099144071621,1900.85,200824,500,1821633217205823221
1682771099000,USDC,WETH,-2844.140118,1.49775,2845.338997694109501826392585689751,1898.94,200824,500,1821633217205823221
1682771147000,USDC,WETH,-5001,2.633593044365487308,5003.12806022784574244541473982003,1898.93,200824,500,1821633217205823221
1682771219000,USDC,WETH,2500,-1.315220365285290331,2499.811238231984345361119578896732,1900.82,200824,500,1821633217205823221
1682771231000,USDC,WETH,1326.061589,-0.69762256413347142,1325.958881466702992891643297899292,1900.83,200824,500,1821633217205823221
1682771231000,USDC,WETH,-1119.34,0.589458397927726879,1119.813189419432879457336066863477,1898.93,200824,500,1821633217205823221
1682771243000,USDC,WETH,-62.664601,0.033,62.69112975041927298646440121424395,1898.93,200824,500,1821633217205823221
1682771255000,USDC,WETH,-7000,3.686318236102959046,7002.98860995937732724745353962388,1898.91,200824,500,1821633217205823221
1682771303000,USDC,WETH,1497.69205,-0.787925836363343745,1497.58638150036040839500186297127,1900.80,200824,500,1821633217205823221
1682771303000,USDC,WETH,-5316.339467,2.799700759758003409,5318.634523727889064318160739667905,1898.90,200825,500,1821633217205823221
1682771339000,USDC,WETH,-5.625138,0.002962336922345676,5.62758165848638154570207983528623,1898.89,200825,500,1821633217205823221
1682771375000,USDC,WETH,-20173.506662,10.624086386957315638,20182.47790525146304722158167577044,1898.85,200825,500,1821633217205823221
1682771411000,USDC,WETH,8200.009041,-4.314151842330050218,8199.60303516696285627823924868005,1900.72,200825,500,1821633217205823221
1682771411000,USDC,WETH,-442.119999,0.232837124923525,442.3175644586473363585673088464002,1898.84,200825,500,1821633217205823221
1682771495000,USDC,WETH,1900.741171,-1,1900.63552480717353327701581057041,1900.74,200825,500,1821633217205823221
1682771507000,USDC,WETH,998.925103,-0.525543492221411165,998.868106239059306599036677286414,1900.75,200825,500,1821633217205823221
1682771519000,USDC,WETH,4035.605887,-2.123157711614574521,4035.365277466981104690011463359081,1900.76,200825,500,1821633217205823221
1682771531000,USDC,WETH,-1183,0.623004802736598785,1183.519621060571664000650412611295,1898.86,200825,500,1821633217205823221
1682771555000,USDC,WETH,40.995395,-0.021567898173413092,40.99291494874169077846758293290213,1900.76,200825,500,1821633217205823221
1682771591000,USDC,WETH,160.59514,-0.084489951413365242,160.5854085518875623758970351803679,1900.76,200825,500,1821633217205823221
1682771651000,USDC,WETH,276.517854,-0.145477439128054984,276.5010368635842015484626155733041,1900.76,200825,500,1821633217205823221
1682771663000,USDC,WETH,31744.750484,-16.70052879480094462,31742.302223589223593960226891709,1900.82,200824,500,1821633217205823221
1682771687000,USDC,WETH,2304.715564,-1.21243842695091952,2304.495510200200489154050260165586,1900.89,200824,500,1821633217205823221
1682771687000,USDC,WETH,1000,-0.526070343410331553,999.9062029521226513189248814332535,1900.89,200824,500,1821633217205823221
1682771699000,USDC,WETH,571.776375,-0.300792699740581542,571.720944063024591196402887263027,1900.90,200824,500,1821633217205823221
1682771723000,USDC,WETH,-18989.623753,10,18997.4612695717353327701581057041,1898.96,200824,500,1821633217205823221
1682771795000,USDC,WETH,12213.448494,-6.42525759720172141,12212.42126763784944471608561060396,1900.85,200824,500,1821633217205823221
1682771843000,USDC,WETH,822,-0.432432463441377471,821.9254086265721002547611545308475,1900.87,200824,500,1821633217205823221
1682771855000,USDC,WETH,1525.917746,-0.802743055700178238,1525.777454104184896355209538350728,1900.88,200824,500,1821633217205823221
1682771867000,USDC,WETH,750,-0.394553309147382811,749.930176370382202941503829505041,1900.88,200824,500,1821633217205823221
1682771879000,USDC,WETH,-511.283928,0.269240795940241017,511.4920526131682242560828103894115,1898.98,200824,500,1821633217205823221
1682771915000,USDC,WETH,-163548.005965,86.138358830289150983,163628.2653083842554438056382485959,1898.67,200827,500,1821633217205823221
1682771963000,USDC,WETH,184.131447,-0.096898534626208586,184.1450036255281550270640058691185,1900.25,200827,500,1821633217205823221
1682771963000,USDC,WETH,2041.69554,-1.074432753754554951,2041.843545536211486723503508326028,1900.25,200827,500,1821633217205823221
1682771963000,USDC,WETH,450.27904,-0.236956642544177524,450.3111095456744687727848910306906,1900.26,200827,500,1821633217205823221
1682772071000,USDC,WETH,678.861456,-0.35724635647433047,678.909415252788524708951733291513,1900.26,200827,500,1821633217205823221
1682772083000,USDC,WETH,3800.540112,-2,3800.79993461434706655403162114082,1900.27,200827,500,1821633217205823221
1682772083000,USDC,WETH,923.038078,-0.48573813640586494,923.098959710898826058521259122064,1900.28,200827,500,1821633217205823221
1682772107000,USDC,WETH,50000,-26.310558106528523718,50002.00090223819018871792077817225,1900.38,200826,500,1821633217205823221
1682772119000,USDC,WETH,760.262915,-0.400038145427609199,760.273681485321314980157265514843,1900.48,200826,500,1821633217205823221
1682772119000,USDC,WETH,446,-0.234677754538777631,446.0060421735352936999720678120435,1900.48,200826,500,1821633217205823221
1682772131000,USDC,WETH,11505.970928,-6.054176112370087672,11506.0567599763011745757593448322,1900.50,200826,500,1821633217205823221
1682772143000,USDC,WETH,300,-0.157851171568028852,300.0004339696591734984878705561805,1900.52,200826,500,1821633217205823221
1682772179000,USDC,WETH,400.962047,-0.210974278418700732,400.9624833769213820856765158637899,1900.53,200826,500,1821633217205823221
1682772203000,USDC,WETH,-1024.497769,0.5396,1025.011845750150838556277731383793,1898.62,200826,500,1821633217205823221
1682772227000,USDC,WETH,7000,-3.683171297092756151,6999.98854908977154216436100694397,1900.54,200826,500,1821633217205823221
1682772251000,USDC,WETH,-9063.1747,4.773528796814930335,9067.704402386384875795248812081705,1898.63,200826,500,1821633217205823221
1682772299000,USDC,WETH,4608.381314,-2.424795804921916355,4608.389095396413839720327956264007,1900.52,200826,500,1821633217205823221
1682772323000,USDC,WETH,3000,-1.578500245698729476,2999.993440175261675638558275801984,1900.54,200826,500,1821633217205823221
1682772335000,USDC,WETH,1501.508172,-0.790040049593258963,1501.50144577697459675030841036979,1900.55,200826,500,1821633217205823221
1682772407000,USDC,WETH,-9323.840843,4.910821233466280816,9328.501662868214407748740663175885,1898.63,200826,500,1821633217205823221
1682772419000,USDC,WETH,1000,-0.526172994975336468,1000.003749135311833250019041442655,1900.52,200826,500,1821633217205823221
1682772431000,USDC,WETH,-1422.230518,0.749088515132387962,1422.947811367979389564713253222593,1898.61,200826,500,1821633217205823221
1682772479000,USDC,WETH,1376.421759,-0.724236305566370315,1376.42724845307847274320022787586,1900.51,200826,500,1821633217205823221
1682772491000,USDC,WETH,-14504.918708,7.639840224852098818,14512.33166158558268284843223090601,1898.59,200826,500,1821633217205823221
1682772491000,USDC,WETH,16670.640888,-8.771743326212250872,16670.80058350118906644547700386084,1900.49,200826,500,1821633217205823221
1682772515000,USDC,WETH,1012,-0.532483688424500717,1012.000579862768075931192752566358,1900.53,200826,500,1821633217205823221
1682772539000,USDC,WETH,291.164417,-0.153201476335510926,291.1642001117336724184575296471866,1900.53,200826,500,1821633217205823221
1682772539000,USDC,WETH,640.827871,-0.337183610515653927,640.8276986820315184909600127399655,1900.53,200826,500,1821633217205823221
1682772575000,USDC,WETH,500,-0.263083921554574786,499.9994267487512119215200491058217,1900.53,200826,500,1821633217205823221
1682772623000,USDC,WETH,-1091.571596,0.574925,1092.116868231176743619288314892193,1898.63,200826,500,1821633217205823221
1682772671000,USDC,WETH,-189.863055,0.1,189.958021430717353327701581057041,1898.63,200826,500,1821633217205823221
1682772707000,USDC,WETH,54.69957,-0.028781213566288246,54.69956316275569960476413542545855,1900.53,200826,500,1821633217205823221
1682772779000,USDC,WETH,3101.886614,-1.63211108171073921,3101.881245004420938705218211418378,1900.54,200826,500,1821633217205823221
1682772815000,USDC,WETH,-1960.002602,1.03232,1960.978803145581381872528961568046,1898.64,200826,500,1821633217205823221
1682772875000,USDC,WETH,30000,-15.784547662225446355,29999.50222623585166136709760950598,1900.59,200825,500,1821633217205823221
1682772899000,USDC,WETH,344.661962,-0.181338833534967167,344.6509166431392195335262806859726,1900.65,200825,500,1821633217205823221
1682772911000,USDC,WETH,400.480779,-0.210706924740348078,400.4677925499880477378642183187655,1900.65,200825,500,1821633217205823221
1682773055000,USDC,WETH,-16518.879419,8.7,16526.74468147240973951003755196257,1898.72,200826,500,1821633217205823221
1682773115000,USDC,WETH,8380,-4.409119699805370427,8379.831863933613517516069866978855,1900.61,200825,500,1821633217205823221
1682773127000,USDC,WETH,428.696386,-0.225557352723248836,428.6874370958447880159714730870043,1900.61,200825,500,1821633217205823221
1682773127000,USDC,WETH,-3607.558959,1.9,3609.282864183629713226330040083779,1898.72,200825,500,1821633217205823221
1682773175000,USDC,WETH,1140.367358,-0.6,1140.342642584304119966209486342246,1900.61,200825,500,1821633217205823221
1682773211000,USDC,WETH,-117219.496411,61.743622882331451392,117282.5482563837076328897000294012,1898.49,200828,500,1821633217205823221
1682773295000,USDC,WETH,7600,-3.999631403729808397,7600.709493116371658946288541006635,1900.18,200828,500,1821633217205823221
1682773319000,USDC,WETH,-18.992546,0.0100050815282491,19.00375119120495403206178112044126,1898.29,200828,500,1821633217205823221
1682773343000,USDC,WETH,5986.7,-3.150560898076333444,5987.21756059406114037283534461159,1900.20,200828,500,1821633217205823221
1682773547000,USDC,WETH,9000,-4.736267922606681869,9000.709350018351419571377127767295,1900.23,200827,500,1821633217205823221
1682773583000,USDC,WETH,1001,-0.526772876381591685,1001.073795403418448942062404382226,1900.25,200827,500,1821633217205823221
1682773583000,USDC,WETH,477,-0.251019264433993627,477.0348060823002978643311257110451,1900.25,200827,500,1821633217205823221
1682773619000,USDC,WETH,500,-0.263122656806877014,500.0362355009292366658161931416675,1900.25,200827,500,1821633217205823221
1682773667000,USDC,WETH,-62.921297,0.033145159993646508,62.9573319496890552184634007775987,1898.36,200827,500,1821633217205823221
1682773703000,USDC,WETH,3661,-1.926576173583732686,3661.257790661192362621124654837137,1900.26,200827,500,1821633217205823221
1682773727000,USDC,WETH,-1328.856889,0.7,1329.613902015021473293911067399287,1898.37,200827,500,1821633217205823221
1682773751000,USDC,WETH,-3954.061857,2.082886596680583223,3956.325033878399654206231737015152,1898.36,200827,500,1821633217205823221
1682773823000,USDC,WETH,-2847.515404,1.5,2849.155110960760299915523715855615,1898.34,200827,500,1821633217205823221
1682773823000,USDC,WETH,222.408355,-0.117042349764320472,222.4254188951609698216818261194963,1900.24,200827,500,1821633217205823221
1682773955000,USDC,WETH,491.271546,-0.258531360016275077,491.309060134866666371736730154716,1900.24,200827,500,1821633217205823221
1682774015000,USDC,WETH,3800.495953,-2,3800.77785511434706655403162114082,1900.25,200827,500,1821633217205823221
1682774099000,USDC,WETH,98.13375,-0.051642396855401195,98.1408341134747858961695406252697,1900.26,200827,500,1821633217205823221
1682774123000,USDC,WETH,23000,-12.103350585137431221,23001.38970919906434956736203065877,1900.30,200827,500,1821633217205823221
1682774159000,USDC,WETH,517.258585,-0.272191826217099925,517.283641720101185975259623346455,1900.35,200827,500,1821633217205823221
1682774195000,USDC,WETH,105844.206268,-55.691306849085175485,105843.5994568831019857057840951772,1900.55,200825,500,1821633217205823221
1682774207000,USDC,WETH,38016.604019,-20,38013.6007956434706655403162114082,1900.83,200824,500,1821633217205823221
1682774303000,USDC,WETH,-4537.646924,2.389499648595202558,4539.481200546832644293690000604808,1898.99,200824,500,1821633217205823221
1682774327000,USDC,WETH,133398.4375,-70.167436903716736626,133376.8739206503131178916960441701,1901.14,200821,500,1821633217205823221
1682774339000,USDC,WETH,158771.545377,-83.488651037841999334,158722.1105998127181165872705978864,1901.71,200818,500,1821633217205823221
1682774387000,USDC,WETH,-1251.179967,0.658470482676970594,1251.311396756596722934710855591539,1900.13,200818,500,1821633217205823221
1682774387000,USDC,WETH,-1000,0.526280873359989682,1000.106262181956875572461132185008,1900.13,200818,500,1821633217205823221
1682774411000,USDC,WETH,9063.1747,-4.764965382699182614,9059.566890191421674588946293582915,1902.04,200818,500,1821633217205823221
1682774423000,USDC,WETH,125,-0.065718114972830247,124.9496205360383868993193558686106,1902.06,200818,500,1821633217205823221
1682774459000,USDC,WETH,105491.714233,-55.455401427950152925,105443.1807886859965602345129739336,1902.28,200816,500,1821633217205823221
1682774471000,USDC,WETH,86.038801,-0.045218557301833896,85.9890101099851357866658645172666,1902.73,200814,500,1821633217205823221
1682774471000,USDC,WETH,57078.436207,-30,57047.1662827152059983104743171123,1902.61,200814,500,1821633217205823221
1682774483000,USDC,WETH,1362318.81129,-714.924961699905787978,1360527.53098394433643195636776467,1905.54,200785,500,1821633217205823221
1682774495000,USDC,WETH,-1722.928861,0.903829195983314921,1721.46531026929883709839178191146,1906.25,200786,500,1821633217205823221
1682774495000,USDC,WETH,-30502.376126,15.999999999648129562,30475.31905717092556022449005098981,1906.40,200785,500,1821633217205823221
1682774495000,USDC,WETH,-18321.285221,9.610930469999998976,18305.52163889790861590828874895036,1906.30,200786,500,1821633217205823221
1682774519000,USDC,WETH,689.110114,-0.361138451414580911,688.1812502180327551198999607995505,1908.16,200786,500,1821633217205823221
1682774543000,USDC,WETH,-324.063101,0.17,323.7879423166234148547486378333915,1906.25,200786,500,1821633217205823221
1682774555000,USDC,WETH,19082.003452,-10,19056.08359756608322674991987255244,1908.20,200785,500,1821633217205823221
1682774567000,USDC,WETH,-95306.613562,50,95228.7161388304161337495993627622,1906.13,200787,500,1821633217205823221
1682774567000,USDC,WETH,-339.52764,0.178105229089855583,339.2324036544009070595654935998739,1906.33,200785,500,1821633217205823221
1682774579000,USDC,WETH,-4000,2.098718188204326914,3996.947538610900622717622709685742,1905.93,200788,500,1821633217205823221
1682774603000,USDC,WETH,-1004.417112,0.527,1003.653370631532586049720777283514,1905.91,200788,500,1821633217205823221
1682774627000,USDC,WETH,47334.596496,-24.809544618038990328,47273.78307169126835126727636647009,1907.92,200787,500,1821633217205823221
1682774651000,USDC,WETH,-116430.191865,61.090399239091208192,116343.1109651611199907891488085122,1905.87,200789,500,1821633217205823221
1682774675000,USDC,WETH,-129181.211237,67.8,129102.8607077180442773644567359056,1905.33,200792,500,1821633217205823221
1682774675000,USDC,WETH,-6795.406703,3.566,6790.7815469004652786590214265522,1905.61,200789,500,1821633217205823221
1682774699000,USDC,WETH,-1641.67633,0.861747151712026624,1640.797635112881175097543027249612,1905.06,200792,500,1821633217205823221
1682774735000,USDC,WETH,1200,-0.629273397760040151,1198.758789928535116452409184981646,1906.96,200792,500,1821633217205823221
1682774855000,USDC,WETH,-664.233233,0.348668631222850242,663.8776737132302362431271707395915,1905.06,200792,500,1821633217205823221
1682774915000,USDC,WETH,300,-0.157318320129729615,299.6896695931619890104223878548789,1906.96,200792,500,1821633217205823221
1682774927000,USDC,WETH,4000.569116,-2.097866205342762302,3996.421427942804779163246791901006,1906.97,200792,500,1821633217205823221
1682774951000,USDC,WETH,-2832.623207,1.4868894116167561,2831.099052049815592288696618680239,1905.07,200792,500,1821633217205823221
1682774951000,USDC,WETH,2500,-1.310978663570784581,2497.406931575230352399387841826751,1906.97,200792,500,1821633217205823221
1682774999000,USDC,WETH,73.232051,-0.038402154280730088,73.1559897025658720382418584494248,1906.98,200792,500,1821633217205823221
1682775023000,USDC,WETH,-1619.83491,0.850276716504778731,1618.962712102935397551383769633624,1905.07,200792,500,1821633217205823221
1682775047000,USDC,WETH,81710.213261,-42.844349163744195594,81621.8556331989873400560021719094,1907.14,200790,500,1821633217205823221
1682775047000,USDC,WETH,1200,-0.629157232391276399,1198.64825762909233989201654787339,1907.31,200790,500,1821633217205823221
1682775071000,USDC,WETH,190962.097552,-100.099975998179197885,190726.995472447493221552385454289,1907.71,200786,500,1821633217205823221
1682775119000,USDC,WETH,-105125.321581,55.155371595219520501,105043.4484290164140509590678951649,1905.99,200788,500,1821633217205823221
1682775143000,USDC,WETH,395.260678,-0.207195076204781989,394.77815034738742443459199491008,1907.67,200788,500,1821633217205823221
1682775167000,USDC,WETH,15493.914216,-8.12174637724721159,15474.86527996024542813866584345003,1907.71,200788,500,1821633217205823221
1682775179000,USDC,WETH,250,-0.131045107122572206,249.6904923139422209288812007822397,1907.74,200788,500,1821633217205823221
1682775275000,USDC,WETH,-60029.807733,31.5,59987.4117619331621642622475985402,1905.71,200789,500,1821633217205823221
1682775299000,USDC,WETH,-119954.539408,62.957235940737245184,119881.5951423617627293349026189044,1905.33,200792,500,1821633217205823221
1682775323000,USDC,WETH,-1905.080383,1,1904.048378656608322674991987255244,1905.08,200792,500,1821633217205823221
1682775359000,USDC,WETH,2606.608057,-1.367366330523576835,2604.364286835472302531604211313441,1906.30,200796,500,1821633217205823221
1682775359000,USDC,WETH,-165878.10149,87.087384586901864448,165803.4101774933462141428867330474,1904.73,200796,500,1821633217205823221
1682775371000,USDC,WETH,4032.16458,-2.115700770363897528,4029.188894574791816049940124665406,1905.83,200798,500,1821633217205823221
1682775371000,USDC,WETH,-116052.423693,60.946886865225490432,116017.6736804696094713636312743617,1904.16,200798,500,1821633217205823221
1682775527000,USDC,WETH,-5714.869442,3.001641638435929053,5713.521314881962431147522519057335,1903.91,200798,500,1821633217205823221
1682775527000,USDC,WETH,-1405.861489,0.7384,1405.524389896439585463214083389272,1903.93,200798,500,1821633217205823221
1682775551000,USDC,WETH,-475.975443,0.25,475.864768289152080668747996813811,1903.90,200798,500,1821633217205823221
1682775635000,USDC,WETH,-1034.216777,0.54321,1033.977150845341206960282397396921,1903.90,200798,500,1821633217205823221
1682775647000,USDC,WETH,-5016.734704,2.634997335738254904,5015.58889009079974325193986778595,1903.89,200798,500,1821633217205823221
1682775647000,USDC,WETH,-380.775761,0.2,380.6895179313216645349983974510488,1903.88,200798,500,1821633217205823221
1682775647000,USDC,WETH,952.891464,-0.5,952.199825578304161337495993627622,1905.78,200798,500,1821633217205823221
1682775683000,USDC,WETH,1500,-0.78707664607302127,1498.90987265824389158829167002003,1905.79,200798,500,1821633217205823221
1682775695000,USDC,WETH,613.89653,-0.3221190741398038,613.447201283329826176366660513669,1905.81,200798,500,1821633217205823221
1682775695000,USDC,WETH,3695.99272,-1.939342045045318909,3693.29619355766083270704413224615,1905.80,200798,500,1821633217205823221
1682775707000,USDC,WETH,500,-0.262354698624458923,499.6326436801772329771821404792314,1905.82,200798,500,1821633217205823221
1682775707000,USDC,WETH,2000,-1.04942165593651155,1998.533297403036057360089471388394,1905.81,200798,500,1821633217205823221
1682775767000,USDC,WETH,1000,-0.524708538820592025,999.264470558774360132347510430139,1905.82,200798,500,1821633217205823221
1682775779000,USDC,WETH,45.884634,-0.024076031437946358,45.85085802744584900400010055791042,1905.82,200798,500,1821633217205823221
1682775899000,USDC,WETH,1941.280499,-1.018244637879914248,1939.508358971054314641126355517732,1906.50,200795,500,1821633217205823221
1682775899000,USDC,WETH,161365.308254,-84.654755345732884522,161232.3469202044943789656200606329,1906.16,200795,500,1821633217205823221
1682775935000,USDC,WETH,3000,-1.573557997652886884,2997.253317732480932955156901256154,1906.51,200794,500,1821633217205823221
1682776007000,USDC,WETH,-4342.246728,2.279875,4340.44309219367239965864735694355,1904.60,200795,500,1821633217205823221
1682776091000,USDC,WETH,-188.792402,0.099125,188.7144500518987999851585807366761,1904.59,200795,500,1821633217205823221
1682776103000,USDC,WETH,1778,-0.932599734688380155,1776.376282896074491427518742203673,1906.50,200794,500,1821633217205823221
1682776139000,USDC,WETH,6298.69952,-3.303776020766735,6292.91969229122919086558286347223,1906.52,200794,500,1821633217205823221
1682776151000,USDC,WETH,100976.5625,-52.957745321221380619,100878.0094964967121658275129171933,1906.74,200792,500,1821633217205823221
1682776199000,USDC,WETH,99179.6875,-52.004013162545525186,99072.08803916209024844815791982265,1907.15,200790,500,1821633217205823221
1682776199000,USDC,WETH,273.129166,-0.143197392627752901,272.8180744647862321853651320758185,1907.36,200790,500,1821633217205823221
1682776247000,USDC,WETH,157946.991074,-82.794850463154117208,157753.4736070982470233309316679614,1907.69,200787,500,1821633217205823221
1682776247000,USDC,WETH,1000,-0.524102835489198801,998.6881388799656751972544748019845,1908.02,200787,500,1821633217205823221
1682776259000,USDC,WETH,133593.75,-70.006563345848634823,133408.6931782726989586917255803453,1908.30,200784,500,1821633217205823221
1682776271000,USDC,WETH,178775.366614,-93.650915683163913258,178497.2963142436743500622450375411,1908.95,200780,500,1821633217205823221
1682776271000,USDC,WETH,1337.705924,-0.7,1335.145440826571519559686857707901,1911.01,200771,500,1821633217205823221
1682776271000,USDC,WETH,400233.661244,-209.528157254114381426,399484.5876891271266220285427840778,1910.17,200771,500,1821633217205823221
1682776283000,USDC,WETH,-2500,1.30952066439057809,2497.611945209067538496609896234022,1909.10,200771,500,1821633217205823221
1682776319000,USDC,WETH,250,-0.130821326709869513,249.6366356252098878538243334048629,1911.00,200771,500,1821633217205823221
1682776319000,USDC,WETH,500,-0.261642868724070303,499.2734763760530404896943529112565,1911.00,200771,500,1821633217205823221
1682776343000,USDC,WETH,451757.8125,-236.308427495492281639,451015.6489635258604309717186717828,1911.73,200764,500,1821633217205823221
1682776355000,USDC,WETH,-303.000485,0.1586,302.7376584814046323942810561200302,1910.47,200764,500,1821633217205823221
1682776355000,USDC,WETH,1000,-0.522907932069620214,998.6333193088854227361042005698745,1912.38,200764,500,1821633217205823221
1682776379000,USDC,WETH,331445.3125,-173.272258140277814289,330951.2097329667138663603063109182,1912.86,200759,500,1821633217205823221
1682776391000,USDC,WETH,920043.945312,-480.523547664834611163,918443.6264962411123545597630378275,1914.67,200745,500,1821633217205823221
1682776403000,USDC,WETH,-16167.958005,8.447560420532684758,16155.00763721641111008673148664206,1913.92,200746,500,1821633217205823221
1682776403000,USDC,WETH,-21053.636226,11,21036.51683810034866242733054049017,1913.97,200746,500,1821633217205823221
1682776415000,USDC,WETH,-22966.457131,11.999999999631341176,22948.35444707542643423074296963651,1913.87,200746,500,1821633217205823221
1682776451000,USDC,WETH,-223185.306588,116.616712206857145248,223011.4270763455278869705884734835,1913.84,200746,500,1821633217205823221
1682776487000,USDC,WETH,-191359.07251,100,191222.251937730442385703004913547,1913.59,200749,500,1821633217205823221
1682776523000,USDC,WETH,500,-0.261060230201423872,499.4240335020280005142406441202292,1915.27,200749,500,1821633217205823221
1682776535000,USDC,WETH,-61037.548394,31.921448026871897312,61017.39252712478359368158834356475,1912.12,200756,500,1821633217205823221
1682776535000,USDC,WETH,-398210.944353,208.183037145623814003,398009.1994562164660613262604408965,1912.79,200755,500,1821633217205823221
1682776559000,USDC,WETH,500,-0.261241036174584748,499.5967804389024901828450682776458,1913.94,200756,500,1821633217205823221
1682776571000,USDC,WETH,-7648.069018,4,7645.74313630921769542812019654188,1912.02,200756,500,1821633217205823221
1682776583000,USDC,WETH,197639.221592,-103.248385472923350835,197465.9221754047181521196790207937,1914.21,200753,500,1821633217205823221
1682776607000,USDC,WETH,4127.536335,-2.155923951223933189,4123.596458553770628247168284565978,1914.51,200753,500,1821633217205823221
1682776655000,USDC,WETH,5000,-2.611616950731303362,4995.209757959203548088913031545644,1914.52,200752,500,1821633217205823221
1682776703000,USDC,WETH,23553.720758,-12.302388291652880594,23530.89624667943050282436920218596,1914.56,200752,500,1821633217205823221
1682776727000,USDC,WETH,9912.5,-5.177283170596558379,9902.76693977292186603102366960902,1914.61,200752,500,1821633217205823221
1682776811000,USDC,WETH,-2000,1.045635899154826431,1999.028934206057825758471490194076,1912.71,200752,500,1821633217205823221
1682776823000,USDC,WETH,110546.875,-57.733307664968924031,110433.4074965772807504461583492588,1914.79,200750,500,1821633217205823221
1682776847000,USDC,WETH,600,-0.313324415244989133,599.3586552220976854276923253105905,1914.95,200750,500,1821633217205823221
1682776871000,USDC,WETH,186914.0625,-97.594997162658810554,186701.9419096879496649329340489328,1915.20,200748,500,1821633217205823221
1682776883000,USDC,WETH,25380,-13.250021959913787809,25349.43080905977807517981352842015,1915.47,200747,500,1821633217205823221
1682776895000,USDC,WETH,226757.8125,-118.363043619826503108,226466.1724891170506857666824511953,1915.78,200744,500,1821633217205823221
1682776895000,USDC,WETH,-24.428051,0.012761835580809036,24.40702978486990847712098197604578,1914.15,200744,500,1821633217205823221
1682776931000,USDC,WETH,500,-0.260951493378624526,499.3201433885783869522626112083352,1916.06,200744,500,1821633217205823221
1682776943000,USDC,WETH,660,-0.344455711785776703,659.1023413644100507815418584790145,1916.07,200744,500,1821633217205823221
1682776991000,USDC,WETH,4858,-2.535393722691361861,4851.38401590880297162400505423475,1916.07,200744,500,1821633217205823221
1682777075000,USDC,WETH,-170737.928373,89.207028448974077952,170599.7817465157636903778529888899,1913.95,200747,500,1821633217205823221
1682777075000,USDC,WETH,1950,-1.017927517440101383,1947.555593844072403055356730012354,1915.66,200747,500,1821633217205823221
1682777087000,USDC,WETH,-26.228523,0.013705344050335792,26.20871939935233835889297904168582,1913.74,200747,500,1821633217205823221
1682777111000,USDC,WETH,4981.612179,-2.600460248616728612,4975.356431278306219531959259145081,1915.67,200747,500,1821633217205823221
1682777135000,USDC,WETH,-264589.12064,138.280236050752154198,264411.2530953786533630502280298239,1913.43,200750,500,1821633217205823221
1682777159000,USDC,WETH,-89908.753342,47,89859.45304188330792128041230936705,1912.95,200751,500,1821633217205823221
1682777183000,USDC,WETH,-308923.365822,161.539698217394077696,308801.0974935856003481120240884886,1912.37,200756,500,1821633217205823221
1682777219000,USDC,WETH,-2029.404768,1.061452570596351817,2028.842995631906047860520806601349,1911.91,200756,500,1821633217205823221
1682777255000,USDC,WETH,379.513186,-0.198301012576989425,379.2187656424085423300972058791974,1913.82,200756,500,1821633217205823221
1682777267000,USDC,WETH,-7785.575214,4.0721675,7783.44702364955218743682241261286,1911.90,200756,500,1821633217205823221
1682777279000,USDC,WETH,-1070.656487,0.56,1070.367451323290477359936827515863,1911.89,200756,500,1821633217205823221
1682777291000,USDC,WETH,-1140.247228,0.5964,1139.940370331804358388332721304394,1911.88,200756,500,1821633217205823221
1682777327000,USDC,WETH,968.9424,-0.506293350990471428,968.1976168573946285971158267158515,1913.80,200756,500,1821633217205823221
1682777327000,USDC,WETH,-1026.628716,0.536972561196426604,1026.352525438177602990101745790642,1911.88,200756,500,1821633217205823221
1682777399000,USDC,WETH,-382.376189,0.2,382.2735258654608847714060098270939,1911.88,200756,500,1821633217205823221
1682777459000,USDC,WETH,-140.900882,0.073697548790915514,140.8630805064459563194419048129604,1911.88,200756,500,1821633217205823221
1682777531000,USDC,WETH,10000,-5.225184733679804785,9992.283393997131746011261353454575,1913.81,200756,500,1821633217205823221
1682777567000,USDC,WETH,4481.613176,-2.341699725558699677,4478.130098933827485753734031766859,1913.83,200756,500,1821633217205823221
1682777567000,USDC,WETH,-38.238445,0.02,38.22776563654608847714060098270939,1911.92,200756,500,1821633217205823221
1682777639000,USDC,WETH,900,-0.470240298218357461,899.280351152389014946507129167907,1913.92,200756,500,1821633217205823221
1682777639000,USDC,WETH,26109.653161,-13.642306386837146221,26089.05658424279087452956403836321,1913.87,200756,500,1821633217205823221
1682777639000,USDC,WETH,580.47,-0.303289661246943281,580.0061787402833111188350608821795,1913.91,200756,500,1821633217205823221
1682777663000,USDC,WETH,2000,-1.044976121670208403,1998.398564879790552688317364034078,1913.92,200756,500,1821633217205823221
1682777675000,USDC,WETH,-4011.7909,2.098213767107913381,4010.585863923821558429275342323398,1912.00,200756,500,1821633217205823221
1682777699000,USDC,WETH,24680.752075,-12.895214238980190848,24660.81391452781586873434527878012,1913.95,200755,500,1821633217205823221
1682777735000,USDC,WETH,777.990401,-0.406476975473852036,777.3543414927444031258329084931475,1913.98,200755,500,1821633217205823221
1682777795000,USDC,WETH,-3919.734947,2.05,3918.493144995974068906911600727713,1912.07,200755,500,1821633217205823221
1682777795000,USDC,WETH,4703.119296,-2.457245181404818914,4699.278425297200028775605583623524,1913.98,200755,500,1821633217205823221
1682777807000,USDC,WETH,42,-0.021943700499933422,41.96560737892128807019647394379748,1913.99,200755,500,1821633217205823221
1682777807000,USDC,WETH,-25.983211,0.013589020886976014,25.9749250901103475919170227155779,1912.07,200755,500,1821633217205823221
1682777807000,USDC,WETH,42.267543,-0.022083484743986692,42.23293254178635786228737495996002,1913.99,200755,500,1821633217205823221
1682777807000,USDC,WETH,500.821594,-0.261663912705824366,500.4116051608337511881513278162225,1913.99,200755,500,1821633217205823221
1682777819000,USDC,WETH,30.395793,-0.015880860448327483,30.37090184611671814288581224870095,1913.99,200755,500,1821633217205823221
1682777843000,USDC,WETH,249,-0.130082320048801573,248.7841811977259469416759623353377,1914.17,200754,500,1821633217205823221
1682777843000,USDC,WETH,62493.504876,-32.649358935372350053,62440.83661785695129550383731137495,1914.08,200754,500,1821633217205823221
1682777867000,USDC,WETH,-4799.826334,2.51,4798.035330636534103881145423330029,1912.28,200754,500,1821633217205823221
1682777867000,USDC,WETH,10000,-5.224148593637808781,9991.293437662732580105698026445945,1914.19,200754,500,1821633217205823221
1682777879000,USDC,WETH,-2889.90771,1.511244479605134841,2888.837871420093227639985474082398,1912.27,200754,500,1821633217205823221
1682777927000,USDC,WETH,-2171.009784,1.135309356274902068,2170.210282385166889900262126140485,1912.26,200754,500,1821633217205823221
1682777939000,USDC,WETH,3874.000733,-2.02384461777931056,3870.636475525129329469631076396565,1914.18,200754,500,1821633217205823221
1682777951000,USDC,WETH,-103534.84673,54.14665119163338752,103500.6043647420625007613223410557,1912.12,200756,500,1821633217205823221
1682777987000,USDC,WETH,-167431.420708,87.58147353023291392,167393.4285997362534636574799891666,1911.72,200758,500,1821633217205823221
1682777999000,USDC,WETH,3500,-1.829209787290483045,3497.676706311624510738563582815653,1913.39,200758,500,1821633217205823221
1682778035000,USDC,WETH,1492.5,-0.78002433175871288,1491.5064295483451055390761057851,1913.40,200758,500,1821633217205823221
1682778107000,USDC,WETH,-100.582542,0.052619941067744628,100.5657916867755632927593120576844,1911.49,200758,500,1821633217205823221
1682778107000,USDC,WETH,6000,-3.135758684857312796,5995.989004769749662615245595785535,1913.41,200758,500,1821633217205823221
1682778311000,USDC,WETH,133.953446,-0.070007284345965819,133.8635836398667785620152946083813,1913.42,200758,500,1821633217205823221
1682778359000,USDC,WETH,-229.381014,0.12,229.3417658192765308628436058962564,1911.51,200758,500,1821633217205823221
1682778371000,USDC,WETH,238631.353636,-124.691696222276275227,238449.5096196233573893319485754249,1913.77,200755,500,1821633217205823221
1682778383000,USDC,WETH,-3840.329461,2.008276663934870927,3838.92679364591766741285036181093,1912.25,200754,500,1821633217205823221
1682778383000,USDC,WETH,16872.734717,-8.814759537847321473,16858.22800186183027806315954115442,1914.15,200754,500,1821633217205823221
1682778395000,USDC,WETH,1618.257617,-0.845413258790028915,1616.859594689863456400594856397987,1914.16,200754,500,1821633217205823221
1682778455000,USDC,WETH,500,-0.261210538348651486,499.5676419877816596380695869689698,1914.16,200754,500,1821633217205823221
1682778479000,USDC,WETH,-376.182783,0.196722469646275074,376.0453813581862893559532260218504,1912.25,200754,500,1821633217205823221
1682778515000,USDC,WETH,1339.91643,-0.7,1338.757224779113096699921034394829,1914.17,200754,500,1821633217205823221
1682778527000,USDC,WETH,-382.510395,0.2,382.3406288654608847714060098270939,1912.55,200753,500,1821633217205823221
1682778527000,USDC,WETH,101757.8125,-53.1561903498954134,101665.7740637715711540611359206587,1914.32,200753,500,1821633217205823221
1682778527000,USDC,WETH,-98.882952,0.051710143787893326,98.8467516583980184055681255233213,1912.25,200754,500,1821633217205823221
1682778551000,USDC,WETH,2063.643693,-1.077723150225317254,2061.507811766740753061489159204451,1914.82,200751,500,1821633217205823221
1682778551000,USDC,WETH,119150.419433,-62.231233089866588314,119032.6198134085013295924767288616,1914.64,200751,500,1821633217205823221
1682778563000,USDC,WETH,158984.375,-83.024310947001617417,158815.8688556398017902604620195853,1914.91,200749,500,1821633217205823221
1682778563000,USDC,WETH,-47820.914277,25,47796.13605918261059642575122838674,1912.84,200752,500,1821633217205823221
1682778587000,USDC,WETH,-36.033205,0.01883375,36.01087871489624469281733968790515,1913.23,200749,500,1821633217205823221
1682778599000,USDC,WETH,-361.09619,0.188736947026950558,360.872499686224938203219179819904,1913.22,200749,500,1821633217205823221
1682778635000,USDC,WETH,597.444008,-0.311958453251538451,596.77558203836094329816961658526,1915.14,200749,500,1821633217205823221
1682778635000,USDC,WETH,518.237977,-0.270600422087023232,517.6579804108731173458620957746755,1915.14,200749,500,1821633217205823221
1682778647000,USDC,WETH,-506.943727,0.26496797577432671,506.6294632443510448886796143272355,1913.23,200749,500,1821633217205823221
1682778659000,USDC,WETH,11616.839365,-6.06574405984728866,11603.79628364200569343101450262985,1915.15,200749,500,1821633217205823221
1682778707000,USDC,WETH,119.910594,-0.062610956496621951,119.775505151805555542676751743908,1915.17,200749,500,1821633217205823221
1682778731000,USDC,WETH,-3433.325076,1.794498297040679069,3431.174943873015598949058332393512,1913.25,200749,500,1821633217205823221
1682778743000,USDC,WETH,-708.857466,0.3705,708.4144946045162890390296332046915,1913.25,200749,500,1821633217205823221
1682778743000,USDC,WETH,5080.847329,-2.652954508325485623,5075.128447581598052130904500155165,1915.17,200749,500,1821633217205823221
1682778755000,USDC,WETH,4081.716818,-2.131247779428281878,4077.110415393669376920368366083427,1915.18,200749,500,1821633217205823221
1682778851000,USDC,WETH,111972.102015,-58.46125950470876304,111841.5259606271206920845193356929,1915.32,200748,500,1821633217205823221
1682778887000,USDC,WETH,3317.848326,-1.732137420027109251,3313.855293450683384900950237451736,1915.46,200748,500,1821633217205823221
1682778911000,USDC,WETH,-382.7107,0.2,382.4407813654608847714060098270939,1913.55,200748,500,1821633217205823221
1682778911000,USDC,WETH,382.7107,-0.199800049568242849,382.2497432929407580320686396145616,1915.47,200748,500,1821633217205823221
1682778923000,USDC,WETH,5600,-2.923555395435807547,5593.2442192883592972286787524105,1915.48,200747,500,1821633217205823221
1682778923000,USDC,WETH,-1027.126018,0.53676,1026.398089698623922549499449173955,1913.57,200748,500,1821633217205823221
1682778935000,USDC,WETH,-7654.223296,4,7648.82027530921769542812019654188,1913.56,200748,500,1821633217205823221
1682778983000,USDC,WETH,-50324.622113,26.3,50290.04528105810634743989029226285,1913.48,200748,500,1821633217205823221
1682779055000,USDC,WETH,-38.268422,0.02,38.24275413654608847714060098270939,1913.42,200748,500,1821633217205823221
1682779055000,USDC,WETH,38.268422,-0.019980004493973178,38.22364988707355870336911923596303,1915.34,200748,500,1821633217205823221
1682779067000,USDC,WETH,1078.296621,-0.562825413099933779,1076.886994728222828375038171817532,1915.86,200746,500,1821633217205823221
1682779067000,USDC,WETH,211421.066168,-110.368121472926230944,211159.2335872484749759670574456221,1915.60,200746,500,1821633217205823221
1682779079000,USDC,WETH,-817.979027,0.427377794398141795,817.3204134811087698254882696876435,1913.95,200746,500,1821633217205823221
1682779091000,USDC,WETH,-26.795262,0.014,26.77369469508742601624359383442857,1913.95,200746,500,1821633217205823221
1682779151000,USDC,WETH,-3000,1.567444353713352294,2997.588250983924676574788521960238,1913.94,200746,500,1821633217205823221
1682779175000,USDC,WETH,-420.64568,0.219780054062216027,420.3079830032828260413072138908495,1913.94,200746,500,1821633217205823221
1682779175000,USDC,WETH,420.64568,-0.219560328652441477,420.0980500692418570336496188822937,1915.85,200746,500,1821633217205823221
1682779199000,USDC,WETH,-6124.583025,3.2,6119.677499948554517998535733583675,1913.93,200746,500,1821633217205823221
1682779223000,USDC,WETH,119726.5625,-62.48812940047440963,119566.509753400782474599932288631,1915.99,200744,500,1821633217205823221
1682779295000,USDC,WETH,473832.45,-247.208217266572057771,473211.7600330773856815256127243158,1916.73,200738,500,1821633217205823221
1682779307000,USDC,WETH,-2872.170867,1.499476528106629632,2869.369538681762045118841565960884,1915.45,200738,500,1821633217205823221
1682779331000,USDC,WETH,15061.216557,-7.85508719987475251,15038.94296554792324219373706128431,1917.38,200737,500,1821633217205823221
1682779355000,USDC,WETH,-3004.977652,1.568845098907943843,3002.079317487282873826156055333152,1915.41,200738,500,1821633217205823221
1682779355000,USDC,WETH,-26321.101794,13.74146895107574322,26295.42074007432691606440044162075,1915.45,200738,500,1821633217205823221
1682779391000,USDC,WETH,-101331.158645,52.9074,101237.451602651555059978262658504,1915.25,200739,500,1821633217205823221
1682779427000,USDC,WETH,2000,-1.043282535363129093,1997.228197388207749002398057790203,1917.03,200739,500,1821633217205823221
1682779475000,USDC,WETH,6371.265668,-3.323493869723288395,6362.415429695739952564470978254375,1917.04,200739,500,1821633217205823221
1682779499000,USDC,WETH,-117991.018808,61.614756194133172224,117890.3630695057647719207414140142,1914.98,200741,500,1821633217205823221
1682779499000,USDC,WETH,-38.296656,0.02,38.26545425460769384244104327882451,1914.83,200741,500,1821633217205823221
1682779523000,USDC,WETH,-100885.585,52.7,100816.4201808912732748321490397026,1914.34,200744,500,1821633217205823221
1682779523000,USDC,WETH,-148676.787741,77.652288031044599808,148562.8235829320751661182143542057,1914.65,200743,500,1821633217205823221
1682779547000,USDC,WETH,240,-0.125252595615749171,239.7234842051799501954142109442478,1916.13,200744,500,1821633217205823221
1682779607000,USDC,WETH,-2103.619631,1.098949250087608327,2102.24739356656268202970793896731,1914.21,200744,500,1821633217205823221
1682779667000,USDC,WETH,-217.239096,0.113487770547542908,217.0975498955663150536205221925573,1914.21,200744,500,1821633217205823221
1682779679000,USDC,WETH,500,-0.260943569072815078,499.4245577646474682735498295898697,1916.12,200744,500,1821633217205823221
1682779703000,USDC,WETH,-95.710397,0.05,95.6480141365192346061026081970613,1914.21,200744,500,1821633217205823221
1682779763000,USDC,WETH,100,-0.052188699971023473,99.8848983204948313277977080166181,1916.12,200744,500,1821633217205823221
1682779787000,USDC,WETH,-827.32029,0.4322,826.7812433620722639351509452553975,1914.21,200744,500,1821633217205823221
1682779799000,USDC,WETH,-220081.793926,114.989329302698490063,219954.1732736173562396605355610739,1913.93,200747,500,1821633217205823221
1682779811000,USDC,WETH,2190.161449,-1.143343259893334756,2187.952597086780888118596649611552,1915.58,200747,500,1821633217205823221
1682779823000,USDC,WETH,-52860.209323,27.623460731581993576,52834.1639812425391669451639205878,1913.60,200748,500,1821633217205823221
1682779835000,USDC,WETH,-9435.200299,4.930805967764610963,9430.74216063645711788728130105056,1913.52,200748,500,1821633217205823221
1682779883000,USDC,WETH,-3061.608586,1.6,3060.174393368615507395283462305961,1913.51,200748,500,1821633217205823221
1682779907000,USDC,WETH,-100802.866155,52.683244000873938944,100759.0444308505230054942780881905,1913.38,200749,500,1821633217205823221
1682779919000,USDC,WETH,4596.411095,-2.4,4592.260698052923261092925193458941,1915.17,200749,500,1821633217205823221
1682779931000,USDC,WETH,-158248.584399,82.720882176424562868,158193.5696224617820697110295003386,1913.04,200751,500,1821633217205823221
1682779943000,USDC,WETH,-126011.032466,65.88373543334363136,125980.900653220037120790571519206,1912.63,200753,500,1821633217205823221
1682779955000,USDC,WETH,-1912.439772,1,1912.076198730384692122052163941226,1912.44,200753,500,1821633217205823221
1682779979000,USDC,WETH,-429622.759304,224.720755711343933281,429612.1326002307486032155538045888,1911.81,200760,500,1821633217205823221
1682780015000,USDC,WETH,-993.812992,0.52,993.9517786198000399034671252494375,1911.18,200760,500,1821633217205823221
1682780027000,USDC,WETH,-45530.521858,23.824091037228351333,45537.66874199809800431543568304747,1911.11,200761,500,1821633217205823221
1682780027000,USDC,WETH,1536.291728,-0.803095553717174424,1535.704782363420754730225170022713,1912.96,200761,500,1821633217205823221
1682780087000,USDC,WETH,-261405.731066,136.812898958787453095,261461.8521279536271332670869577007,1910.68,200765,500,1821633217205823221
1682780111000,USDC,WETH,-611.298507,0.32,611.4893901306082853998000615949605,1910.31,200765,500,1821633217205823221
1682780207000,USDC,WETH,77.875,-0.040724941470700914,77.86038019897716583415693510596835,1912.22,200765,500,1821633217205823221
1682780243000,USDC,WETH,-23228.01088,12.15951689123451618,23235.46890055423042017720582235961,1910.27,200765,500,1821633217205823221
1682780279000,USDC,WETH,-2292.137595,1.2,2292.969309864781070249250230981102,1910.11,200766,500,1821633217205823221
1682780279000,USDC,WETH,-45318.171957,23.724526397564734145,45333.81221264897272875386253349075,1910.18,200766,500,1821633217205823221
1682780279000,USDC,WETH,2000,-1.045939960167322192,1999.657563515583771466713540747146,1912.16,200765,500,1821633217205823221
1682780303000,USDC,WETH,2150.945801,-1.124956350515706027,2150.650412828731239943829792120172,1912.03,200766,500,1821633217205823221
1682780327000,USDC,WETH,-31912.557416,16.707514227140594488,31924.49256420784752937708227833632,1910.07,200766,500,1821633217205823221
1682780423000,USDC,WETH,1100,-0.575331926895698619,1099.846100725406277717041998361919,1911.94,200766,500,1821633217205823221
1682780483000,USDC,WETH,363.64,-0.190194067309170497,363.5889257318264772708112712101746,1911.94,200766,500,1821633217205823221
1682780495000,USDC,WETH,227958.759298,-119.208664465733306581,227907.3858398499025566102287467137,1912.27,200763,500,1821633217205823221
1682780567000,USDC,WETH,963.600985,-0.503819299916482503,963.301804314915435351490892261339,1912.59,200763,500,1821633217205823221
1682780579000,USDC,WETH,-5732.020631,3,5733.11750191425590860553324453472,1910.67,200763,500,1821633217205823221
1682780639000,USDC,WETH,-1560.05648,0.8165,1560.359245902413316458805964720867,1910.66,200763,500,1821633217205823221
1682780687000,USDC,WETH,-176430.103272,92.351956008065204224,176476.0372193789881449357465745701,1910.41,200765,500,1821633217205823221
1682780687000,USDC,WETH,-3942.501619,2.06397105944802369,3943.792895198158040554800821586597,1910.15,200765,500,1821633217205823221
1682780711000,USDC,WETH,-2782.760956,1.456833094659401374,2783.679356368029873056138233825829,1910.14,200765,500,1821633217205823221
1682780747000,USDC,WETH,-214.0812,0.112076199843451636,214.1520926657201628727535587505309,1910.14,200765,500,1821633217205823221
1682780771000,USDC,WETH,2379.075468,-1.244250953709212133,2378.671351027491256761599565045165,1912.05,200765,500,1821633217205823221
1682780831000,USDC,WETH,-36182.924232,18.943,36195.33259341508322557153875040709,1910.09,200766,500,1821633217205823221
1682780843000,USDC,WETH,255146.275737,-133.447358168707426599,255109.0977396660732475821214575323,1911.96,200766,500,1821633217205823221
1682780867000,USDC,WETH,5500,-2.876603564249021394,5499.176917174410651803677023060915,1911.98,200766,500,1821633217205823221
1682780891000,USDC,WETH,-8772.19565,4.592626168532565673,8775.26231417619336800381836818746,1910.06,200766,500,1821633217205823221
1682780903000,USDC,WETH,426.731636,-0.22319061130736869,426.6686799180727190163284672929498,1911.96,200766,500,1821633217205823221
1682780915000,USDC,WETH,6103.337582,-3.192198053054412177,6102.446673354971693021669162041335,1911.95,200766,500,1821633217205823221
1682780915000,USDC,WETH,-5358.142465,2.805248483309376174,5360.042113740054855769909997782905,1910.04,200766,500,1821633217205823221
1682780975000,USDC,WETH,-3397.521709,1.778763487613069742,3398.721889423307200254982575382663,1910.05,200766,500,1821633217205823221
1682780987000,USDC,WETH,-3820.0733,2,3821.433018051710026072041944507559,1910.04,200766,500,1821633217205823221
1682781071000,USDC,WETH,-286.504621,0.15,286.607038103878251955403145838067,1910.03,200766,500,1821633217205823221
1682781095000,USDC,WETH,-98.432245,0.0515343907039257,98.46744611062069550438219698219565,1910.03,200766,500,1821633217205823221
1682781119000,USDC,WETH,-116788.396889,61.15011,116835.2475244812768912041164156256,1909.86,200768,500,1821633217205823221
1682781143000,USDC,WETH,257.150928,-0.134520637411222697,257.1365928879060255763632613245805,1911.61,200768,500,1821633217205823221
1682781191000,USDC,WETH,-1432.272517,0.75,1432.909896519391259777015729190335,1909.70,200768,500,1821633217205823221
1682781203000,USDC,WETH,500,-0.261559524304945341,499.9719623929027495235605501235447,1911.61,200768,500,1821633217205823221
1682781203000,USDC,WETH,1498.376135,-0.783830263377029209,1498.293226793934464033897298268852,1911.61,200768,500,1821633217205823221
1682781227000,USDC,WETH,-17187.06744,9,17194.81737623269511732418875028402,1909.67,200768,500,1821633217205823221
1682781227000,USDC,WETH,-610.5,0.31968380939906822,610.7712361051570582055302326443335,1909.70,200768,500,1821633217205823221
1682781239000,USDC,WETH,-572.875123,0.3,573.147016707756503910806291676134,1909.58,200768,500,1821633217205823221
1682781239000,USDC,WETH,-22915.405689,12,22926.08105281026015643225166704536,1909.62,200768,500,1821633217205823221
1682781263000,USDC,WETH,100058.808903,-52.341969972048120225,100052.5301021222215756044938331143,1911.64,200767,500,1821633217205823221
1682781263000,USDC,WETH,-492.085228,0.257654236721908419,492.2823001416956427018420716700831,1909.87,200767,500,1821633217205823221
1682781275000,USDC,WETH,47026.686118,-24.597552367847283579,47021.17918843251894290822058630285,1911.84,200766,500,1821633217205823221
1682781299000,USDC,WETH,-186980.281423,97.909085112594808832,187061.6755532397350005005867723176,1909.73,200769,500,1821633217205823221
1682781359000,USDC,WETH,-26732.018188,14,26745.78367036197018250429361155292,1909.43,200769,500,1821633217205823221
1682781383000,USDC,WETH,696.35,-0.364332474907975583,696.3668846511976526776327644719585,1911.30,200769,500,1821633217205823221
1682781503000,USDC,WETH,500,-0.261601314550071634,500.0119012542799430816449809409615,1911.31,200769,500,1821633217205823221
1682781527000,USDC,WETH,1000,-0.523202046118248907,1000.023245353822125402745059414067,1911.31,200769,500,1821633217205823221
1682781551000,USDC,WETH,-4869.847114,2.550471136957065678,4872.40419100022541892734891560494,1909.39,200769,500,1821633217205823221
1682781551000,USDC,WETH,-143181.775611,75,143268.2516074391259777015729190335,1909.09,200773,500,1821633217205823221
1682781599000,USDC,WETH,-14997.391167,7.857161405662900723,15007.77047049006854771292219679773,1908.75,200773,500,1821633217205823221
1682781635000,USDC,WETH,175665.910463,-91.923373758203460846,175683.9566017449826598706822964364,1911.00,200769,500,1821633217205823221
1682781683000,USDC,WETH,8000,-4.185510437315025691,8000.13801851976504875497132745829,1911.36,200769,500,1821633217205823221
1682781767000,USDC,WETH,241643.781738,-126.40188096964754528,241625.548451909253668749128099983,1911.71,200765,500,1821633217205823221
1682781767000,USDC,WETH,2672,-1.397447677396454707,2671.55600134439892686081103874624,1912.06,200765,500,1821633217205823221
1682781779000,USDC,WETH,2170.579209,-1.135202082484770124,2170.214627829564328976687875943274,1912.06,200765,500,1821633217205823221
1682781803000,USDC,WETH,19120.941175,-10,19117.57975836094834340435929912522,1912.09,200765,500,1821633217205823221
1682781803000,USDC,WETH,-95.507775,0.05,95.5394333543047417170217964956261,1910.16,200765,500,1821633217205823221
1682781815000,USDC,WETH,-3820.40841,2,3821.626039172189668680871859825044,1910.20,200765,500,1821633217205823221
1682781839000,USDC,WETH,3231.931118,-1.690238876369649376,3231.345305629808072162247321316122,1912.12,200765,500,1821633217205823221
1682781863000,USDC,WETH,-1365.797299,0.715,1366.231955216557806553411689887453,1910.21,200765,500,1821633217205823221
1682781875000,USDC,WETH,1002.458673,-0.524266350181602806,1002.276410829439358821183167882422,1912.12,200765,500,1821633217205823221
1682781887000,USDC,WETH,573.635813,-0.3,573.5311816258284503021307789737565,1912.12,200765,500,1821633217205823221
1682781887000,USDC,WETH,-803.631248,0.420703660443451025,803.886705143887617699633849245173,1910.21,200765,500,1821633217205823221
1682781923000,USDC,WETH,-5017.821426,2.626857750968535353,5019.427343232855443268074852638555,1910.20,200765,500,1821633217205823221
1682781935000,USDC,WETH,-187.198792,0.098,187.2590658744372937653627211314272,1910.19,200765,500,1821633217205823221
1682781947000,USDC,WETH,10000,-5.229804633695900477,9998.181382650617307585300170780915,1912.12,200765,500,1821633217205823221
1682781959000,USDC,WETH,58.045927,-0.030356659017563004,58.03515392934500918736085535560275,1912.13,200765,500,1821633217205823221
1682781971000,USDC,WETH,3002.39392,-1.570178065420837418,3001.833278891818740092085473473486,1912.14,200765,500,1821633217205823221
1682782007000,USDC,WETH,2000,-1.045946850298662723,1999.622823522247295677411097179172,1912.14,200765,500,1821633217205823221
1682782031000,USDC,WETH,99569.190397,-52.06811288617757322,99546.6591158910806802754182300948,1912.29,200763,500,1821633217205823221
1682782043000,USDC,WETH,619.53125,-0.323949836922674939,619.368020735260531589077996686946,1912.43,200763,500,1821633217205823221
1682782043000,USDC,WETH,167.325703,-0.087493734191028973,167.2815684429953115104010154804675,1912.43,200763,500,1821633217205823221
1682782055000,USDC,WETH,168008.394261,-87.839739596130703021,167953.5952165218316650904836085789,1912.67,200761,500,1821633217205823221
1682782067000,USDC,WETH,260937.5,-136.382057190834180645,260810.5709519403694000293290323017,1913.28,200757,500,1821633217205823221
1682782103000,USDC,WETH,11556.543999,-6.03890985041331462,11549.72407083876068765786758418202,1913.68,200757,500,1821633217205823221
1682782127000,USDC,WETH,5863.379958,-3.063887542855928413,5859.88075243150103291449116843267,1913.71,200757,500,1821633217205823221
1682782223000,USDC,WETH,183.273021,-0.095768197090583615,183.1632219691235458204209695291235,1913.71,200757,500,1821633217205823221
1682782223000,USDC,WETH,-885.250818,0.463045585022111574,885.163129714149550598402294621899,1911.80,200757,500,1821633217205823221
1682782271000,USDC,WETH,-305.887814,0.16,305.8576537337751734944697487860035,1911.80,200757,500,1821633217205823221
1682782283000,USDC,WETH,105.721409,-0.055247546942115668,105.661388254806439386044462063884,1913.59,200757,500,1821633217205823221
1682782283000,USDC,WETH,-40000,20.92334873336338957,39996.67280647490578321902665963304,1911.74,200757,500,1821633217205823221
1682782307000,USDC,WETH,5229.05593,-2.732571743456736115,5226.076611942586333869931339539105,1913.60,200757,500,1821633217205823221
1682782331000,USDC,WETH,639.963281,-0.334427045807170228,639.597219146764104884708775116664,1913.61,200757,500,1821633217205823221
1682782391000,USDC,WETH,1687.865247,-0.882029954150673521,1686.898279878746369708433292430674,1913.61,200757,500,1821633217205823221
1682782427000,USDC,WETH,199.711932,-0.104363575361240747,199.5973743188751653050366219741006,1913.62,200757,500,1821633217205823221
1682782559000,USDC,WETH,-353.665208,0.185,353.6391236609275443529806470338166,1911.70,200757,500,1821633217205823221
1682782571000,USDC,WETH,-73056.184654,38.217368241124506346,73052.84837734209705875503092516735,1911.60,200758,500,1821633217205823221
1682782643000,USDC,WETH,-1433.615592,0.75,1433.590983814571125755326947434392,1911.49,200758,500,1821633217205823221
1682782655000,USDC,WETH,2592.383697,-1.354855695125351756,2591.042227407568433301333579091704,1913.40,200758,500,1821633217205823221
1682782667000,USDC,WETH,213.238537,-0.111444469272936749,213.1279644330114967900001246281944,1913.41,200758,500,1821633217205823221
1682782703000,USDC,WETH,3000,-1.567880702518000812,2998.440704085069194392118190874619,1913.41,200758,500,1821633217205823221
1682782727000,USDC,WETH,-7015.532685,3.670186646422975477,7015.376990518993262589661613234085,1911.49,200758,500,1821633217205823221
1682782763000,USDC,WETH,-1.911481,0.001,1.911444115628804200574829158581257,1911.48,200758,500,1821633217205823221
1682782787000,USDC,WETH,-13380.23562,7,13380.0431194016294040238041100688,1911.46,200759,500,1821633217205823221
1682782823000,USDC,WETH,3032.759485,-1.585043863454276897,3031.211893733501057109287906140374,1913.36,200759,500,1821633217205823221
1682782823000,USDC,WETH,-327.358796,0.171261930306914738,327.3550440138866957789194975916252,1911.45,200759,500,1821633217205823221
1682782835000,USDC,WETH,960.644606,-0.502070789278876587,960.1531716154298186192395035366695,1913.36,200759,500,1821633217205823221
1682782907000,USDC,WETH,10033.846402,-5.244040081388009488,10028.67126728488931649544846324491,1913.38,200758,500,1821633217205823221
1682782931000,USDC,WETH,-95567.158508,50,95568.7600354402100287414579290628,1911.34,200760,500,1821633217205823221
1682783003000,USDC,WETH,-3000.58543,1.57,3000.747391537222594902481778972573,1911.20,200760,500,1821633217205823221
1682783135000,USDC,WETH,30435.311868,-15.908460698448206995,30421.42934259568322725360004353735,1913.15,200759,500,1821633217205823221
1682783171000,USDC,WETH,3000,-1.568053157269486585,2998.594071900610270494181148495559,1913.20,200759,500,1821633217205823221
1682783171000,USDC,WETH,5000,-2.613405935054215265,4997.64150123708937951796269601459,1913.21,200759,500,1821633217205823221
1682783183000,USDC,WETH,-389903.161617,204,389915.1183967760569172651483505764,1911.29,200759,500,1821633217205823221
1682783207000,USDC,WETH,-955.635969,0.5,955.669792314402100287414579290628,1911.27,200760,500,1821633217205823221
1682783207000,USDC,WETH,-191.127034,0.1,191.1338785628804200574829158581257,1911.27,200760,500,1821633217205823221
1682783219000,USDC,WETH,-321307.014737,168.150983450116778874,321356.0102233158224662594388876839,1910.82,200764,500,1821633217205823221
1682783231000,USDC,WETH,-199588.877878,104.491201657536593744,199657.0581645062211612977458878671,1910.10,200767,500,1821633217205823221
1682783243000,USDC,WETH,-306256.762287,160.397709915026714785,306421.0524478711278987501697728254,1909.36,200772,500,1821633217205823221
1682783255000,USDC,WETH,-19087.51516,10,19100.79373628804200574829158581257,1908.75,200773,500,1821633217205823221
1682783279000,USDC,WETH,-115855.878552,60.706013084443557888,115944.895471212204564672015405071,1908.47,200775,500,1821633217205823221
1682783303000,USDC,WETH,-302676.412041,158.667382014214692562,302977.1966938416793723663077122162,1907.62,200782,500,1821633217205823221
1682783315000,USDC,WETH,-138724.083273,72.755607975945592832,138894.8392363830680235106203391321,1906.71,200785,500,1821633217205823221
1682783339000,USDC,WETH,-682.990492,0.358256502541744005,683.8822808016746276645736645811555,1906.43,200785,500,1821633217205823221
1682783375000,USDC,WETH,-24782.897905,13,24815.59595567445460747277906155634,1906.38,200785,500,1821633217205823221
1682783387000,USDC,WETH,553.123982,-0.289861553813270476,553.583726011125791508902104128337,1908.24,200785,500,1821633217205823221
1682783399000,USDC,WETH,12526.196081,-6.564191686554179383,12536.51976902036743557520985253183,1908.26,200785,500,1821633217205823221
1682783399000,USDC,WETH,2000,-1.048057943536967373,2001.632766026768841855015600233124,1908.29,200785,500,1821633217205823221
1682783399000,USDC,WETH,752.763919,-0.394468940461571493,753.3773521523873711995855375306355,1908.30,200785,500,1821633217205823221
1682783423000,USDC,WETH,20571.855467,-10.779970524902534459,20588.3845405212904532599289298244,1908.34,200785,500,1821633217205823221
1682783435000,USDC,WETH,10000,-5.239769280765203017,10007.66644668804342334391749276445,1908.48,200784,500,1821633217205823221
1682783435000,USDC,WETH,19084.215847,-10,19099.14407978804200574829158581257,1908.42,200784,500,1821633217205823221
1682783447000,USDC,WETH,147173.0444,-77.102312660053526742,147273.4811825556796755040596812295,1908.80,200781,500,1821633217205823221
1682783447000,USDC,WETH,918.981218,-0.481367708276943429,919.535468247226293231416821034625,1909.10,200781,500,1821633217205823221
1682783483000,USDC,WETH,-286.077809,0.15,286.3944468443206300862243737871885,1907.19,200781,500,1821633217205823221
1682783483000,USDC,WETH,-2860.787735,1.5,2863.949290943206300862243737871885,1907.19,200781,500,1821633217205823221
1682783495000,USDC,WETH,729.718598,-0.382232747436169183,730.1605177364784271298174877719035,1909.09,200781,500,1821633217205823221
1682783555000,USDC,WETH,1902.09858,-0.996332451242785262,1903.247816021039148072601667058792,1909.10,200781,500,1821633217205823221
1682783567000,USDC,WETH,-2000,1.048662406700294969,2002.210453657475449757668281625396,1907.19,200781,500,1821633217205823221
1682783615000,USDC,WETH,-184677.669481,96.851617238605052807,184900.2755149318702770161902957647,1906.81,200785,500,1821633217205823221
1682783627000,USDC,WETH,10000,-5.240096677035959491,10007.97934048774877248067520771568,1908.36,200785,500,1821633217205823221
1682783639000,USDC,WETH,-6000,3.147190963194979945,6007.781782599741180957147116599675,1906.46,200785,500,1821633217205823221
1682783675000,USDC,WETH,-238.407425,0.125053117451666582,238.717428994211265740679352043949,1906.45,200785,500,1821633217205823221
1682783711000,USDC,WETH,-21782.114244,11.425757855388653071,21810.69521569414750415478812255394,1906.40,200785,500,1821633217205823221
1682783735000,USDC,WETH,3627.015578,-1.900677546664951434,3629.992192492179304554416239378924,1908.28,200785,500,1821633217205823221
1682783783000,USDC,WETH,50,-0.026201570234738664,50.0409354084917971903304443971313,1908.28,200785,500,1821633217205823221
1682783807000,USDC,WETH,-1.906374,0.001,1.908890615628804200574829158581257,1906.37,200785,500,1821633217205823221
1682783819000,USDC,WETH,-285556.447167,149.790864313747108771,285933.8941963117307364613633946921,1906.37,200785,500,1821633217205823221
1682784047000,USDC,WETH,1000,-0.524034825403303794,1000.821977353346568330109927296992,1908.27,200785,500,1821633217205823221
1682784059000,USDC,WETH,9011.191848,-4.722102494405101407,9018.526351272750573138292774740845,1908.30,200785,500,1821633217205823221
1682784059000,USDC,WETH,2500,-1.310082156872275369,2502.050254093615826768177974490958,1908.28,200785,500,1821633217205823221
1682784107000,USDC,WETH,-2397.956074,1.257840943706760338,2401.101174786498024023039990227831,1906.41,200785,500,1821633217205823221
1682784227000,USDC,WETH,1920.201708,-1.006229799524571476,1921.758311559079765623704516309095,1908.31,200785,500,1821633217205823221
1682784275000,USDC,WETH,-776.999536,0.407572576728916822,778.01835321097403010596129046613,1906.41,200785,500,1821633217205823221
1682784299000,USDC,WETH,2967.104036,-1.554825120413377264,2969.504007249555512438805535495932,1908.32,200785,500,1821633217205823221
1682784323000,USDC,WETH,100,-0.052401938021759714,100.0807216333522660775104714950741,1908.33,200785,500,1821633217205823221
1682784335000,USDC,WETH,-5376.069851,2.82,5383.119121573227845621018227199145,1906.41,200785,500,1821633217205823221
1682784371000,USDC,WETH,-1899.743275,0.996511934473191199,1902.241696293282839790175915143641,1906.39,200785,500,1821633217205823221
1682784383000,USDC,WETH,2000,-1.048052732875228843,2001.627786178505510063240688026995,1908.30,200785,500,1821633217205823221
1682784407000,USDC,WETH,-19063.582726,10,19088.82751928804200574829158581257,1906.36,200785,500,1821633217205823221
1682784419000,USDC,WETH,1087.735296,-0.570023358945400688,1088.641033136995107675728691091536,1908.23,200785,500,1821633217205823221
1682784455000,USDC,WETH,60,-0.031442722938185219,60.0499239972383515989080850551804,1908.23,200785,500,1821633217205823221
1682784467000,USDC,WETH,2000,-1.048088454209361355,2001.661925186691036395624228593588,1908.24,200785,500,1821633217205823221
1682784503000,USDC,WETH,181.191799,-0.094952294585966912,181.3421507480599077586614829288414,1908.24,200785,500,1821633217205823221
1682784539000,USDC,WETH,190.824111,-0.1,190.9824170628804200574829158581257,1908.24,200785,500,1821633217205823221
1682784563000,USDC,WETH,-819.722782,0.43,820.8139457203858062471765381899405,1906.33,200785,500,1821633217205823221
1682784575000,USDC,WETH,-11453.150309,6.008030338109584435,11468.47147143887682446155030196882,1906.31,200786,500,1821633217205823221
1682784575000,USDC,WETH,-953.140841,0.5,954.422228314402100287414579290628,1906.28,200786,500,1821633217205823221
1682784587000,USDC,WETH,190.818785,-0.1,190.9797540628804200574829158581257,1908.19,200786,500,1821633217205823221
1682784599000,USDC,WETH,296.699523,-0.155487506075419375,296.9497332413839562856685970486064,1908.19,200786,500,1821633217205823221
1682784599000,USDC,WETH,8496.821627,-4.452778218641814025,8503.947056649167701960278086309725,1908.21,200785,500,1821633217205823221
1682784611000,USDC,WETH,2000,-1.048092662895327938,2001.66594744308634597733646131905,1908.23,200785,500,1821633217205823221
1682784659000,USDC,WETH,1614.740101,-0.846195352491989845,1616.08200840488514556365111836169,1908.24,200785,500,1821633217205823221
1682784671000,USDC,WETH,-14487.891937,7.6,14507.29344727891192436870160521755,1906.30,200786,500,1821633217205823221
1682784695000,USDC,WETH,-5329.048289,2.79555,5336.24138717110358291696365427183,1906.26,200786,500,1821633217205823221
1682784731000,USDC,WETH,-629.062158,0.33,629.9132721575053861896936223318145,1906.25,200786,500,1821633217205823221
1682784767000,USDC,WETH,602.180325,-0.315582236498615921,602.6932469499516141333832717813585,1908.16,200786,500,1821633217205823221
1682784803000,USDC,WETH,13073.76582,-6.851415948606449869,13084.8059042600374804886899245443,1908.18,200786,500,1821633217205823221
1682784839000,USDC,WETH,5506.138543,-2.885480426230033736,5510.733347674186275757049304850985,1908.22,200785,500,1821633217205823221
1682784875000,USDC,WETH,139.684243,-0.073200793680557142,139.8003846874065823752140698684712,1908.23,200785,500,1821633217205823221
1682784947000,USDC,WETH,144.966756,-0.075969043876819379,145.0872679089395491157526147265265,1908.23,200785,500,1821633217205823221
1682784995000,USDC,WETH,4989.200001,-2.614548903716248391,4993.3338410199448547817250078968,1908.25,200785,500,1821633217205823221
1682785007000,USDC,WETH,286.243687,-0.15,286.4773858443206300862243737871885,1908.29,200785,500,1821633217205823221
1682785007000,USDC,WETH,8673.888673,-4.545413002085236021,8681.011977119037392456557014389045,1908.27,200785,500,1821633217205823221
1682785031000,USDC,WETH,-32,0.016785705735067175,32.04215966188485369116086502601624,1906.38,200785,500,1821633217205823221
1682785043000,USDC,WETH,2472.1084,-1.29545004575767858,2474.120492597113263321349633140973,1908.30,200785,500,1821633217205823221
1682785043000,USDC,WETH,1000,-0.524028339257864925,1000.815778520699146949800992201017,1908.29,200785,500,1821633217205823221
1682785067000,USDC,WETH,-1500,0.786825400084864692,1501.97187972968560962259503744245,1906.39,200785,500,1821633217205823221
1682785091000,USDC,WETH,3000,-1.572075020694594507,3002.437781317551157930565309671015,1908.31,200785,500,1821633217205823221
1682785127000,USDC,WETH,10000,-5.240177173102017818,10008.05627086912461065989453766418,1908.33,200785,500,1821633217205823221
1682785199000,USDC,WETH,-38127.342968,20,38177.74379657608401149658317162513,1906.37,200786,500,1821633217205823221
1682785211000,USDC,WETH,4500,-2.35823565726316833,4503.77434415117946656693631981189,1908.21,200786,500,1821633217205823221
1682785223000,USDC,WETH,11449.43286,-6,11458.93812377282520344897495148754,1908.24,200785,500,1821633217205823221
1682785259000,USDC,WETH,-76331.647198,40.050689648137696147,76442.41250415231611212728115159545,1905.88,200789,500,1821633217205823221
1682785259000,USDC,WETH,-79046.458939,41.468233250998750902,79154.5699212181078561707291194543,1906.19,200787,500,1821633217205823221
1682785271000,USDC,WETH,9538.234173,-5,9547.63516464402100287414579290628,1907.65,200788,500,1821633217205823221
1682785271000,USDC,WETH,-1905.755229,1,1908.581230128804200574829158581257,1905.76,200788,500,1821633217205823221
1682785331000,USDC,WETH,-150257.387122,78.856776022668525568,150492.399522695103838899966614507,1905.45,200792,500,1821633217205823221
1682785403000,USDC,WETH,380.964665,-0.19976631716390865,381.3142760403568831114706305118768,1907.05,200792,500,1821633217205823221
1682785415000,USDC,WETH,1600,-0.838989727032162966,1601.466646094165315040291118026563,1907.06,200792,500,1821633217205823221
1682785427000,USDC,WETH,-546.000324,0.286591616062269875,546.774218968076282525867862577879,1905.15,200792,500,1821633217205823221
1682785439000,USDC,WETH,2001,-1.049260203773243949,2002.832959871848691996362181801076,1907.06,200792,500,1821633217205823221
1682785439000,USDC,WETH,-655.813157,0.344232013557687403,656.743116654351689703415903105364,1905.15,200792,500,1821633217205823221
1682785451000,USDC,WETH,5000,-2.621820232444282134,5004.56161816435397404085566383554,1907.07,200791,500,1821633217205823221
1682785487000,USDC,WETH,-9525.781598,5,9539.270176905307829432798315056405,1905.16,200792,500,1821633217205823221
1682785535000,USDC,WETH,1000,-0.524371269097478325,1000.919223216646057935612683701937,1907.05,200792,500,1821633217205823221
1682785547000,USDC,WETH,-159649.544602,83.813442582595895296,159889.7320495523238396812140951115,1904.82,200795,500,1821633217205823221
1682785571000,USDC,WETH,5500,-2.884994067041521975,5505.96523343925773616843417164127,1906.42,200795,500,1821633217205823221
1682785595000,USDC,WETH,19219.416372,-10.081173917417104489,19240.01042684558493312502851813029,1906.47,200794,500,1821633217205823221
1682785595000,USDC,WETH,1000,-0.524519513561610653,1001.060837576920112842062428138875,1906.51,200794,500,1821633217205823221
1682785607000,USDC,WETH,2196.896238,-1.152311060198599183,2199.223075972958177342009882295544,1906.51,200794,500,1821633217205823221
1682785631000,USDC,WETH,769.329373,-0.403525645233207783,770.116802590411951481865875903304,1906.52,200794,500,1821633217205823221
1682785643000,USDC,WETH,3000,-1.573542056117007251,3003.064606803445743477396953019959,1906.53,200794,500,1821633217205823221
1682785655000,USDC,WETH,2558.232774,-1.341821086435943129,2560.838585554598055709937332262212,1906.54,200794,500,1821633217205823221
1682785691000,USDC,WETH,2296.750703,-1.204664709883020738,2299.084276915380392642475287596158,1906.55,200794,500,1821633217205823221
1682785703000,USDC,WETH,725,-0.38026727507738331,725.735466171679941764674480626764,1906.55,200794,500,1821633217205823221
1682785715000,USDC,WETH,-10252.145165,5.382753133812617216,10267.73733250936664458939970492279,1904.63,200794,500,1821633217205823221
1682785727000,USDC,WETH,17534.263776,-9.196858713848137617,17552.06609916225679401321770254242,1906.55,200794,500,1821633217205823221
1682785727000,USDC,WETH,-247452.246869,129.952060567800252261,247857.670760991748300626342887558,1904.18,200799,500,1821633217205823221
1682785799000,USDC,WETH,-1715.202497,0.900990058107109627,1717.477460175262607745401959259238,1903.69,200799,500,1821633217205823221
1682785799000,USDC,WETH,1500,-0.787156988430199829,1501.237555969351188154279306472386,1905.59,200799,500,1821633217205823221
1682785811000,USDC,WETH,5716.812412,-3,5721.510645182526223495044724523965,1905.60,200799,500,1821633217205823221
1682785811000,USDC,WETH,1145.118566,-0.600925886429183576,1146.063807351696696080608296335856,1905.59,200799,500,1821633217205823221
1682785871000,USDC,WETH,-1649.997551,0.866728650897458048,1652.176991483731392829447698674317,1903.71,200799,500,1821633217205823221
1682785895000,USDC,WETH,3300,-1.731723834672732046,3302.702066163228748279774388044862,1905.62,200799,500,1821633217205823221
1682785907000,USDC,WETH,5500,-2.886179596351585113,5504.47787153075166792237466698049,1905.63,200799,500,1821633217205823221
1682785919000,USDC,WETH,175857.301947,-92.265211985351615906,175983.6303126256783933158583209008,1906.00,200795,500,1821633217205823221
1682785919000,USDC,WETH,16000,-8.392853972306981733,16009.87248850760613678493028064835,1906.38,200795,500,1821633217205823221
1682785931000,USDC,WETH,100,-0.052454225246902159,100.0606417194285713574197606734287,1906.42,200795,500,1821633217205823221
1682785931000,USDC,WETH,2000,-1.049086828647603381,2001.215052062957154601316134075177,1906.42,200795,500,1821633217205823221
1682785943000,USDC,WETH,1900,-0.996628177296123279,1901.150186210306785008915579046875,1906.43,200795,500,1821633217205823221
1682785979000,USDC,WETH,-450006.215318,236.394776512081937902,450610.7523361009931165479879957,1903.62,200804,500,1821633217205823221
1682785979000,USDC,WETH,9969.725118,-5.231502649861012248,9977.642045804071107388539566910335,1905.71,200799,500,1821633217205823221
1682785979000,USDC,WETH,265625,-139.424298296772040936,265874.609127798920135502570656774,1905.16,200799,500,1821633217205823221
1682785991000,USDC,WETH,-3344.97949,1.75698515991148843,3349.300415306801079001874000639058,1903.82,200799,500,1821633217205823221
1682786015000,USDC,WETH,350,-0.183657914423903625,350.2754936077087610931712290302863,1905.72,200799,500,1821633217205823221
1682786027000,USDC,WETH,-8414.776113,4.42,8425.65267186492820216499393296709,1903.80,200799,500,1821633217205823221
1682786039000,USDC,WETH,945.551759,-0.496167912200141859,946.3084948306982651260659868618605,1905.71,200799,500,1821633217205823221
1682786039000,USDC,WETH,2000,-1.049474797641126879,2001.597510502042602286335644499841,1905.72,200799,500,1821633217205823221
1682786039000,USDC,WETH,5846.4,-3.067856243208386714,5851.099919733388069229817268141195,1905.70,200799,500,1821633217205823221
1682786051000,USDC,WETH,-4117.676829,2.162866185735120668,4123.034136065225913938409081273841,1903.81,200799,500,1821633217205823221
1682786087000,USDC,WETH,500,-0.262370288022417786,500.4008937647873760997751664879465,1905.70,200799,500,1821633217205823221
1682786123000,USDC,WETH,218.537616,-0.114675467479769764,218.7127536779331174254911714882093,1905.71,200799,500,1821633217205823221
1682786135000,USDC,WETH,-21475.351827,11.280510476422358976,21503.56684844404633960355531958648,1903.76,200799,500,1821633217205823221
1682786135000,USDC,WETH,5157.726589,-2.705990889291596061,5161.40624288481317628541699585326,1906.04,200797,500,1821633217205823221
1682786135000,USDC,WETH,100781.25,-52.88073402493875409,100858.9274994479501062655594940023,1905.82,200797,500,1821633217205823221
1682786135000,USDC,WETH,1293.500001,-0.678636793717079085,1294.427224050201521418650978938442,1906.03,200797,500,1821633217205823221
1682786159000,USDC,WETH,-436262.618519,229.21763587380506748,436891.9826652792723046890173213984,1903.27,200806,500,1821633217205823221
1682786159000,USDC,WETH,124653.103764,-65.450287360967726999,124730.2975250311460540059672393015,1904.55,200803,500,1821633217205823221
1682786171000,USDC,WETH,269632.666067,-141.514306051732115136,269743.5138875426467720985362813474,1905.34,200798,500,1821633217205823221
1682786183000,USDC,WETH,-18377.954138,9.652599850254606589,18392.27334373071373357479526055113,1903.94,200798,500,1821633217205823221
1682786195000,USDC,WETH,1900,-0.996951177725485881,1900.545677059983661105515365888908,1905.81,200798,500,1821633217205823221
1682786231000,USDC,WETH,2165.061883,-1.136027230465405029,2165.679040492121324230212868690468,1905.82,200798,500,1821633217205823221
1682786279000,USDC,WETH,70614.22524,-37.049067672112224752,70631.6419466769673886554881818236,1905.96,200797,500,1821633217205823221
1682786279000,USDC,WETH,-27637.789649,14.514534518048498827,27657.81527409085550236429375407646,1904.15,200797,500,1821633217205823221
1682786339000,USDC,WETH,-249.85759,0.13122154132822444,250.0423127263787285340558704976979,1904.09,200797,500,1821633217205823221
1682786351000,USDC,WETH,295.088605,-0.154821261646413071,295.1590345581158101688160611364465,1906.00,200797,500,1821633217205823221
1682786363000,USDC,WETH,168.423262,-0.088364947770334234,168.4634188341388081151675467282882,1906.00,200797,500,1821633217205823221
1682786375000,USDC,WETH,-640210.18925,336.305050391388387352,640756.0141136546414875326477580075,1903.66,200800,500,1821633217205823221
1682786387000,USDC,WETH,15244.18309,-8,15249.71222129931508929378444362714,1905.52,200799,500,1821633217205823221
1682786387000,USDC,WETH,-24023.524239,12.620047202431518253,24044.37874164249708199272043452705,1903.60,200800,500,1821633217205823221
1682786411000,USDC,WETH,91953.728269,-48.25341835044868119,91984.21057350039384300889603793895,1905.64,200798,500,1821633217205823221
1682786411000,USDC,WETH,-6474.835782,3.400812922400358135,6479.931761390858735483814810137095,1903.91,200798,500,1821633217205823221
1682786423000,USDC,WETH,-4630.87858,2.432324713814449804,4634.545574820613955182674779917352,1903.89,200798,500,1821633217205823221
1682786423000,USDC,WETH,1000,-0.524713322070063668,1000.289273068914921190279868801399,1905.80,200798,500,1821633217205823221
1682786435000,USDC,WETH,-1800.322855,0.945608791288153201,1801.754573514990126200573128580059,1903.88,200798,500,1821633217205823221
1682786447000,USDC,WETH,200,-0.104943956244756782,200.0590863131446820760833769731351,1905.78,200798,500,1821633217205823221
1682786471000,USDC,WETH,-7500,3.939367063740945373,7505.99970836536960491574333079098,1903.86,200798,500,1821633217205823221
1682786471000,USDC,WETH,1900,-0.996981159717315724,1900.574263467583404555914818760557,1905.75,200798,500,1821633217205823221
1682786495000,USDC,WETH,-7615.345604,4,7621.48314014965754464689222181357,1903.84,200799,500,1821633217205823221
1682786507000,USDC,WETH,3671.32594,-1.926463221627027893,3672.454307676563478534750146541578,1905.73,200798,500,1821633217205823221
1682786519000,USDC,WETH,-275,0.144445268446365635,275.2217145243879453756197318239569,1903.84,200798,500,1821633217205823221
1682786531000,USDC,WETH,-301.838208,0.158542282214449568,302.0816527358270860242407892129601,1903.83,200799,500,1821633217205823221
1682786543000,USDC,WETH,100,-0.052460673188224724,100.0187644378855019495673688376211,1906.19,200796,500,1821633217205823221
1682786543000,USDC,WETH,112109.375,-58.820294833904893035,112137.0496326393437164789203160087,1905.96,200796,500,1821633217205823221
1682786555000,USDC,WETH,-998.873432,0.524540633540177189,999.5613387437746912607820203232165,1904.28,200796,500,1821633217205823221
1682786567000,USDC,WETH,-5304.438212,2.78555,5308.1089528581946433727876571182,1904.27,200796,500,1821633217205823221
1682786579000,USDC,WETH,118675.469051,-62.250979018200911423,118691.0913603880137044472112008204,1906.40,200794,500,1821633217205823221
1682786591000,USDC,WETH,-81.788431,0.04293952004924903,81.83501186975261072233968760061235,1904.74,200794,500,1821633217205823221
1682786615000,USDC,WETH,-1988.462163,1.043703812676419874,1989.353179187885928558402588838293,1905.20,200791,500,1821633217205823221
1682786615000,USDC,WETH,116062.09822,-60.865080470418994197,116063.0173925986954395047567612111,1906.87,200791,500,1821633217205823221
1682786615000,USDC,WETH,26000,-13.632888627481228767,25998.31289658270145274024361583492,1907.15,200791,500,1821633217205823221
1682786735000,USDC,WETH,6000,-3.145945058224633881,5999.509446576983758657696218337,1907.22,200791,500,1821633217205823221
1682786747000,USDC,WETH,-321.759027,0.16888008684438878,321.8986687786854763980231973986979,1905.25,200791,500,1821633217205823221
1682786747000,USDC,WETH,-17477.229684,9.173015778251894526,17484.65044377675048243119737340813,1905.29,200791,500,1821633217205823221
1682786759000,USDC,WETH,7993,-4.191018704725898839,7992.43761586555500435971854924989,1907.17,200791,500,1821633217205823221
1682786771000,USDC,WETH,1215.709586,-0.637434271941832346,1215.618147055665095962546740049672,1907.19,200791,500,1821633217205823221
1682786783000,USDC,WETH,-10669.491532,5.6,10674.080239409520562505649110539,1905.27,200791,500,1821633217205823221
1682786795000,USDC,WETH,12354.036729,-6.477658075334060774,12353.15819817691354650452268787126,1907.18,200791,500,1821633217205823221
1682786843000,USDC,WETH,1540,-0.807465913906784391,1539.88046254028891119854559349512,1907.20,200791,500,1821633217205823221
1682786843000,USDC,WETH,-438.218249,0.23,438.4032189436053088171963027542803,1905.30,200791,500,1821633217205823221
1682786843000,USDC,WETH,-773.484634,0.405966242427121225,773.8118800770812626338480040171895,1905.29,200791,500,1821633217205823221
1682786891000,USDC,WETH,-5049.658744,2.650342007414882405,5051.80480887779871213688240238089,1905.29,200791,500,1821633217205823221
1682786903000,USDC,WETH,4459.112695,-2.33805222313754112,4458.778282433936068581767683889953,1907.19,200791,500,1821633217205823221
1682786915000,USDC,WETH,-7699.762069,4.04128010996869822,7703.050000189301546581609080447755,1905.28,200791,500,1821633217205823221
1682786927000,USDC,WETH,2471.042043,-1.295656195206509094,2470.86776949155878811733860266134,1907.17,200791,500,1821633217205823221
1682786927000,USDC,WETH,500,-0.262167157368836881,499.9639537741445672130878256659888,1907.18,200791,500,1821633217205823221
1682786927000,USDC,WETH,2500,-1.310831639850966073,2499.815814909320758290054393609806,1907.19,200791,500,1821633217205823221
1682786939000,USDC,WETH,-5106.619156,2.680254136447548438,5108.80481161301077017264214535092,1905.27,200791,500,1821633217205823221
1682786939000,USDC,WETH,335,-0.175652807380099477,334.976623177808462178458105759352,1907.17,200791,500,1821633217205823221
1682786951000,USDC,WETH,-2288.846904,1.201077900190464565,2289.594280167369074122955745110579,1905.66,200789,500,1821633217205823221
1682786951000,USDC,WETH,99108.045704,-51.960533591310881171,99095.92789857849786441682425900735,1907.37,200789,500,1821633217205823221
1682786975000,USDC,WETH,68610.136933,-35.964786686364415908,68595.7872849509436736231486110948,1907.70,200787,500,1821633217205823221
1682786987000,USDC,WETH,161621.70687,-84.69970334005900761,161568.0044941315305968080198386478,1908.17,200784,500,1821633217205823221
1682787023000,USDC,WETH,-4881.535088,2.560354942275180641,4881.944581045413400887176415532038,1906.59,200784,500,1821633217205823221
1682787047000,USDC,WETH,-190.657494,0.1,190.6740054537414386161723055453393,1906.57,200784,500,1821633217205823221
1682787059000,USDC,WETH,42675.874414,-22.360133977590641518,42657.26473853665292561554406994526,1908.57,200783,500,1821633217205823221
1682787095000,USDC,WETH,-1144.047808,0.6,1144.095454722448631697033833272036,1906.75,200783,500,1821633217205823221
1682787119000,USDC,WETH,15000,-7.858822762982705221,14993.01487478732425139486794845895,1908.68,200783,500,1821633217205823221
1682787131000,USDC,WETH,-1776.710052,0.931775,1776.758307957349289665839499995085,1906.80,200783,500,1821633217205823221
1682787179000,USDC,WETH,12,-0.006286981141467981,11.99433841827063014866524794755073,1908.71,200783,500,1821633217205823221
1682787191000,USDC,WETH,-3612.176212,1.89437483869385637,3612.284692035304831998232030143337,1906.79,200783,500,1821633217205823221
1682787215000,USDC,WETH,1535.453627,-0.804452222336948171,1534.733864024029949577668821794391,1908.69,200783,500,1821633217205823221
1682787227000,USDC,WETH,387.014248,-0.202763421397530129,386.8324321811239723593077722356282,1908.70,200783,500,1821633217205823221
1682787239000,USDC,WETH,1034,-0.541729562966063213,1033.513451930316935289257752603885,1908.70,200783,500,1821633217205823221
1682787251000,USDC,WETH,1000,-0.523915264991822328,999.528363485057338036832220876362,1908.71,200783,500,1821633217205823221
1682787263000,USDC,WETH,1731.169296,-0.906983369849175595,1730.350286115150072288873216810533,1908.71,200783,500,1821633217205823221
1682787275000,USDC,WETH,-250,0.131109302466712456,250.0065032937845904634262609730718,1906.81,200783,500,1821633217205823221
1682787323000,USDC,WETH,-572.041286,0.3,572.056418361224315848516916636018,1906.80,200783,500,1821633217205823221
1682787335000,USDC,WETH,-8581.821446,4.5006745584081323,8582.09051287601992316945359859838,1906.79,200783,500,1821633217205823221
1682787347000,USDC,WETH,-1205.688483,0.632321281874486831,1205.732601961240386246492503079899,1906.77,200783,500,1821633217205823221
1682787347000,USDC,WETH,2100,-1.100239323028975317,2099.026026151671663282475623244929,1908.68,200783,500,1821633217205823221
1682787407000,USDC,WETH,-1000,0.524447315333038383,1000.035648257993798886400102374366,1906.77,200783,500,1821633217205823221
1682787407000,USDC,WETH,-114.406289,0.06,114.4102995722448631697033833272036,1906.77,200783,500,1821633217205823221
1682787419000,USDC,WETH,-8754.460404,4.591301199564273565,8754.818197114287620479558763970865,1906.75,200783,500,1821633217205823221
1682787443000,USDC,WETH,5367.861196,-2.812385507828490805,5365.406829154643218187264276714585,1908.65,200783,500,1821633217205823221
1682787479000,USDC,WETH,-650,0.340893757828815879,650.0260344545559391027174948209005,1906.75,200783,500,1821633217205823221
1682787479000,USDC,WETH,100,-0.052392730579344367,99.95398438184831088562921774670165,1908.66,200783,500,1821633217205823221
1682787503000,USDC,WETH,-46854.367649,24.574113469133118497,46857.43582436065817642555179261708,1906.66,200784,500,1821633217205823221
1682787539000,USDC,WETH,-16.787871,0.008805321324566063,16.78939187458992180065519293244006,1906.56,200784,500,1821633217205823221
1682787563000,USDC,WETH,13932.022262,-7.3,13926.21499812312501898057830480977,1908.50,200784,500,1821633217205823221
1682787611000,USDC,WETH,-3622.557498,1.9,3622.838659621087333707273805361446,1906.61,200784,500,1821633217205823221
1682787623000,USDC,WETH,-27580.194886,14.466056319712737792,27582.79622909390676273619003325148,1906.55,200785,500,1821633217205823221
1682787635000,USDC,WETH,4975.860297,-2.607336636511815349,4973.526831163769428111603434081109,1908.41,200784,500,1821633217205823221
1682787659000,USDC,WETH,22.084,-0.011571891273758877,22.07358455238104194478813215940318,1908.42,200784,500,1821633217205823221
1682787719000,USDC,WETH,-4681.297004,2.455440253260619012,4681.441041987777366302419123641565,1906.50,200785,500,1821633217205823221
1682787755000,USDC,WETH,439.72385,-0.230416302090258203,439.5197889240868951918575904942004,1908.39,200785,500,1821633217205823221
1682787755000,USDC,WETH,-2619.878084,1.374192747036588293,2619.968934397930821280552877485506,1906.49,200785,500,1821633217205823221
1682787767000,USDC,WETH,-8000,4.196247408720563512,8000.319135125613499431156471202445,1906.47,200785,500,1821633217205823221
1682787899000,USDC,WETH,-3103.939917,1.628154966427488606,3104.104242482921955673951563409717,1906.42,200785,500,1821633217205823221
1682787899000,USDC,WETH,-6635.63883,3.480652317615982409,6635.95552869589700776915154344837,1906.44,200785,500,1821633217205823221
1682787911000,USDC,WETH,3482.751856,-1.825031590055322315,3481.194408849063524779458949727157,1908.32,200785,500,1821633217205823221
1682787911000,USDC,WETH,-1802.48296,0.945468507853290534,1802.564828038090414386274199243944,1906.44,200785,500,1821633217205823221
1682787911000,USDC,WETH,6000,-3.144088032303068808,5997.28645456018090865469200944519,1908.34,200785,500,1821633217205823221
1682787935000,USDC,WETH,4486.798391,-2.351130878108807596,4484.752701334161211529467779521829,1908.36,200785,500,1821633217205823221
1682787959000,USDC,WETH,11960.404496,-6.267271000240707678,11954.84617752104885986820028506115,1908.39,200784,500,1821633217205823221
1682787971000,USDC,WETH,-11647.143086,6.109227215495002593,11647.55095855744458562227951630973,1906.48,200785,500,1821633217205823221
1682787983000,USDC,WETH,-1510.060995,0.792077130477659228,1510.124511966430689780316493083894,1906.46,200785,500,1821633217205823221
1682787995000,USDC,WETH,-8876.365122,4.656,8876.787838286014458556567578624115,1906.44,200785,500,1821633217205823221
1682787995000,USDC,WETH,-3622.179567,1.9,3622.376301292832360665265979249532,1906.41,200785,500,1821633217205823221
1682788067000,USDC,WETH,-4732.577202,2.482476902201325932,4732.855413468093317275438265844247,1906.39,200785,500,1821633217205823221
1682788067000,USDC,WETH,-6549.113756,3.435384,6549.5383109690587402693074215043,1906.37,200785,500,1821633217205823221
1682788079000,USDC,WETH,5904.592768,-3.094201573862864311,5902.02564403745730089193202899012,1908.28,200785,500,1821633217205823221
1682788091000,USDC,WETH,-1811.058386,0.95,1811.172451896416180332632989624766,1906.38,200785,500,1821633217205823221
1682788103000,USDC,WETH,4000,-2.096140449643627583,3998.268913599846356333740923930373,1908.27,200785,500,1821633217205823221
1682788103000,USDC,WETH,-5004.450461,2.625129407535439234,5004.78391646338254181323228183664,1906.36,200785,500,1821633217205823221
1682788139000,USDC,WETH,257.369682,-0.134869822554891423,257.2574153425192035144967326389678,1908.28,200785,500,1821633217205823221
1682788139000,USDC,WETH,1013.979181,-0.531357762215691177,1013.537564618869001953284218897026,1908.28,200785,500,1821633217205823221
1682788139000,USDC,WETH,71.036299,-0.037225352321911534,71.00540148987708903103391561988715,1908.28,200785,500,1821633217205823221
1682788151000,USDC,WETH,-101206.20768,53.094054864620158976,101218.1279195997048080175137570301,1906.17,200787,500,1821633217205823221
1682788175000,USDC,WETH,1082.038575,-0.567144387795668349,1081.682962897980976506024860230387,1907.87,200787,500,1821633217205823221
1682788187000,USDC,WETH,1625,-0.851732075147365452,1624.463591834807675301380082169882,1907.88,200787,500,1821633217205823221
1682788223000,USDC,WETH,-7553.781879,3.963247896150831266,7555.08961369410950308144893854,1905.96,200787,500,1821633217205823221
1682788223000,USDC,WETH,374.3313,-0.196205815286743654,374.2103594428576784397659051352799,1907.85,200787,500,1821633217205823221
1682788235000,USDC,WETH,805.184577,-0.422037101827037925,804.923926682986595436849968796764,1907.85,200787,500,1821633217205823221
1682788259000,USDC,WETH,-190.594646,0.1,190.6281923575174926665929462762912,1905.95,200787,500,1821633217205823221
1682788331000,USDC,WETH,107.482802,-0.056337025750118384,107.4479774177563459007130332998763,1907.85,200787,500,1821633217205823221
1682788367000,USDC,WETH,-19.059464,0.01,19.06281893575174926665929462762912,1905.95,200787,500,1821633217205823221
1682788367000,USDC,WETH,3410,-1.787342160638997874,3408.888820130593504265178201699937,1907.86,200787,500,1821633217205823221
1682788379000,USDC,WETH,-5488.39881,2.88,5489.728442496503788797876852757185,1905.69,200789,500,1821633217205823221
1682788379000,USDC,WETH,-62507.992883,32.798256693053498209,62520.8596810980674448970068425679,1905.83,200789,500,1821633217205823221
1682788391000,USDC,WETH,3207.063337,-1.681206349675828737,3206.240297339753005846400500025869,1907.60,200789,500,1821633217205823221
1682788403000,USDC,WETH,-6341.465858,3.32766044831782144,6343.02056364764325990409482583889,1905.68,200789,500,1821633217205823221
1682788439000,USDC,WETH,2208.692413,-1.157871921357625691,2208.155575176815830525843065894568,1907.54,200789,500,1821633217205823221
1682788439000,USDC,WETH,-10049.862977,5.27372050371156909,10052.41509217388938214600970848304,1905.65,200789,500,1821633217205823221
1682788439000,USDC,WETH,1000,-0.524235919533259134,999.7586595754317916370402831930785,1907.54,200789,500,1821633217205823221
1682788511000,USDC,WETH,-130133.004226,68.297692496337362944,130175.2861208823990282443158663828,1905.38,200792,500,1821633217205823221
1682788511000,USDC,WETH,-114.307037,0.06,114.3520401145104955999557677657747,1905.12,200792,500,1821633217205823221
1682788523000,USDC,WETH,-720.604189,0.378246960421641329,720.8882101883357919859012723514045,1905.12,200792,500,1821633217205823221
1682788583000,USDC,WETH,521.417628,-0.273419863179845808,521.3623465654818809194852239038735,1907.02,200792,500,1821633217205823221
1682788595000,USDC,WETH,-200,0.104980432836099212,200.0787592779381357679108136299198,1905.12,200792,500,1821633217205823221
1682788595000,USDC,WETH,267.16291,-0.140094199938587469,267.1344737209141715145671243279058,1907.02,200792,500,1821633217205823221
1682788607000,USDC,WETH,434.196422,-0.227682731301116798,434.150138126295242420943390942752,1907.02,200792,500,1821633217205823221
1682788619000,USDC,WETH,730,-0.382794932598063535,729.921737102257090166990360300317,1907.03,200792,500,1821633217205823221
1682788667000,USDC,WETH,-5,0.002624504944218995,5.00196337965499746804906474444173,1905.12,200792,500,1821633217205823221
1682788667000,USDC,WETH,50,-0.026218809709850366,49.99461923159356358916278159948658,1907.03,200792,500,1821633217205823221
1682788679000,USDC,WETH,-741.317487,0.389118547474348544,741.608837638640893515004407964085,1905.12,200792,500,1821633217205823221
1682788727000,USDC,WETH,-7049.641594,3.700396785592531227,7052.441222382992624361081569081655,1905.10,200792,500,1821633217205823221
1682788727000,USDC,WETH,-2667.070437,1.399974725436984028,2668.143295044595457631927426759987,1905.08,200792,500,1821633217205823221
1682788823000,USDC,WETH,-1324.028294,0.695,1324.563689034746574032820976620224,1905.08,200792,500,1821633217205823221
1682788835000,USDC,WETH,-912.748057,0.479114683326108032,913.1182213342956936093863808427835,1905.07,200792,500,1821633217205823221
1682788835000,USDC,WETH,-146.079611,0.076679390986355738,146.1389355453428325131957282583565,1905.07,200792,500,1821633217205823221
1682788847000,USDC,WETH,2500,-1.310972482971975735,2499.761465055017445315021959734909,1906.98,200792,500,1821633217205823221
1682788871000,USDC,WETH,500,-0.26219366707964174,499.9515022273776173024498817691948,1906.99,200792,500,1821633217205823221
1682788955000,USDC,WETH,10000,-5.243815276356146144,9998.97469045262255008145678983218,1907.01,200792,500,1821633217205823221
1682788979000,USDC,WETH,-368.669165,0.193514802869151026,368.8139264106478771647047557736986,1905.12,200792,500,1821633217205823221
1682789015000,USDC,WETH,146.079611,-0.076602791206497094,146.0659123092776426040406143549472,1906.98,200792,500,1821633217205823221
1682789015000,USDC,WETH,-13002.269165,6.825,13007.46641615056887449496858335687,1905.09,200792,500,1821633217205823221
1682789039000,USDC,WETH,-3802.502138,1.996,3804.055221376049153625195207674772,1905.06,200792,500,1821633217205823221
1682789051000,USDC,WETH,576.98,-0.302565150457109056,576.927988303642874959657423553412,1906.96,200792,500,1821633217205823221
1682789075000,USDC,WETH,-16071.962906,8.436621589636695156,16078.68615880467340813327449395761,1905.02,200792,500,1821633217205823221
1682789135000,USDC,WETH,-95.249553,0.05,95.2902111787587463332964731381456,1904.99,200792,500,1821633217205823221
1682789159000,USDC,WETH,-2507.177789,1.316113613178783198,2508.251443675968936759878296038795,1904.99,200792,500,1821633217205823221
1682789171000,USDC,WETH,-158.5473,0.083227782531728726,158.6154186344810765278701131374268,1904.98,200792,500,1821633217205823221
1682789207000,USDC,WETH,8037.104649,-4.214742851040164879,8036.503325580407681566770446783625,1906.90,200792,500,1821633217205823221
1682789231000,USDC,WETH,207.450975,-0.108788543600034838,207.4385724175254761785501875798265,1906.92,200792,500,1821633217205823221
1682789267000,USDC,WETH,-2459.656182,1.291158157892204344,2460.748105553693068511989466008655,1905.00,200792,500,1821633217205823221
1682789267000,USDC,WETH,-2095.509979,1.1,2096.435205577839742998797591742395,1905.01,200792,500,1821633217205823221
1682789279000,USDC,WETH,-11930.851134,6.263009353561800704,11936.23829626429142736362551932036,1904.97,200793,500,1821633217205823221
1682789279000,USDC,WETH,2168.76945,-1.137298062875689074,2168.622887110351080180394514441735,1906.95,200792,500,1821633217205823221
1682789279000,USDC,WETH,-190.499841,0.1,190.5844855979854311817088719765814,1905.00,200792,500,1821633217205823221
1682789279000,USDC,WETH,10000,-5.244045918350604939,9999.38836979820539792681037475528,1906.92,200792,500,1821633217205823221
1682789279000,USDC,WETH,12349.51924,-6.476302000046461286,12348.91396617642610427666650141645,1906.88,200792,500,1821633217205823221
1682789279000,USDC,WETH,539.0607,-0.282688934294770922,539.0306160900496474068982720940215,1906.90,200792,500,1821633217205823221
1682789315000,USDC,WETH,-381.009231,0.2,381.1737456959708623634177439531627,1905.05,200792,500,1821633217205823221
1682789315000,USDC,WETH,-4000.578439,2.1,4002.315086557694054815886311508209,1905.04,200792,500,1821633217205823221
1682789363000,USDC,WETH,-165501.729531,86.891384963262185472,165588.3887278423125452353963563312,1904.70,200796,500,1821633217205823221
1682789375000,USDC,WETH,-1381.332354,0.725352054419310779,1382.177403509952545265906599976896,1904.36,200796,500,1821633217205823221
1682789387000,USDC,WETH,2900,-1.521295429410179588,2900.320381483724661993786191388351,1906.27,200796,500,1821633217205823221
1682789411000,USDC,WETH,384.038746,-0.201460125620922105,384.0805076065612105394661225069039,1906.28,200796,500,1821633217205823221
1682789411000,USDC,WETH,-252123.949819,132.42743024017065884,252311.0895994047413864359908769019,1903.87,200801,500,1821633217205823221
1682789423000,USDC,WETH,-362530.716195,190.541852134554344559,362917.6041596238544695810429523455,1902.63,200809,500,1821633217205823221
1682789423000,USDC,WETH,-4420.140535,2.324073466928520755,4425.715599753977530263566954374046,1901.89,200809,500,1821633217205823221
1682789435000,USDC,WETH,-564725.144518,297.10629007383379625,565607.5617796485078747485642438575,1900.75,200821,500,1821633217205823221
1682789447000,USDC,WETH,-1118337.197962,589.3921607804403712,1120569.836826960835577001156107124,1897.44,200843,500,1821633217205823221
1682789459000,USDC,WETH,17364.019272,-9.16866483767718335,17376.25080412979914365834885206635,1893.84,200861,500,1821633217205823221
1682789459000,USDC,WETH,-944216.439656,498.632638123735187456,945715.2568599690469953264958690395,1893.61,200861,500,1821633217205823221
1682789471000,USDC,WETH,27395.082166,-14.510512337584567499,27457.22103309012961078894706160268,1887.95,200892,500,1821633217205823221
1682789471000,USDC,WETH,-1334743.744587,706.552473317432523642,1337364.473148197972986304240835579,1889.09,200893,500,1821633217205823221
1682789483000,USDC,WETH,4823.468761,-2.553223215644251834,4830.33257905979310099498881080292,1889.17,200886,500,1821633217205823221
1682789483000,USDC,WETH,165205.590253,-87.48291639013079149,165472.9580991244189163665462982933,1888.43,200888,500,1821633217205823221
1682789483000,USDC,WETH,6424.872969,-3.400947780111091118,6434.06087048110385066021983022387,1889.14,200886,500,1821633217205823221
1682789483000,USDC,WETH,62429.356017,-33.049252211008709556,62521.326550439000948522790482107,1888.98,200886,500,1821633217205823221
1682789483000,USDC,WETH,27402.272634,-14.504354681898158778,27440.712978361133778831840001777,1889.24,200885,500,1821633217205823221
1682789495000,USDC,WETH,484179.6875,-256.121126552077743947,484706.3496224228682301312114146084,1890.43,200873,500,1821633217205823221
1682789507000,USDC,WETH,177944.549846,-94.055124389088772432,178045.276788119763687031574103522,1891.92,200869,500,1821633217205823221
1682789531000,USDC,WETH,18131.185616,-9.581323070024885789,18139.39089428106974129961927340914,1892.35,200869,500,1821633217205823221
1682789543000,USDC,WETH,-43984.321937,23.267193762422812609,44026.88589026955769750251859698397,1890.40,200870,500,1821633217205823221
1682789555000,USDC,WETH,285546.875,-150.860090983155555429,285642.4332383505215793139075081712,1892.79,200864,500,1821633217205823221
1682789555000,USDC,WETH,2501,-1.320912102292807069,2501.443071049043199814919397102704,1893.39,200863,500,1821633217205823221
1682789579000,USDC,WETH,808.849053,-0.42719497745209445,808.99088341584412943748834345017,1893.40,200863,500,1821633217205823221
1682789591000,USDC,WETH,189257.8125,-99.937277913773690503,189272.4825551442383627457710018376,1893.77,200859,500,1821633217205823221
1682789591000,USDC,WETH,-5500,2.907756109171133149,5503.731569840551101300540947858475,1891.49,200864,500,1821633217205823221
1682789591000,USDC,WETH,60000,-31.674636291667388769,59996.82320139466679899442832178415,1894.26,200858,500,1821633217205823221
1682789615000,USDC,WETH,-87.400984,0.04618355378644955,87.43769185251017574899865346080765,1892.47,200858,500,1821633217205823221
1682789627000,USDC,WETH,-15337.420856,8.104560739233098386,15343.9706387603261442821497816347,1892.44,200859,500,1821633217205823221
1682789627000,USDC,WETH,410.537542,-0.216697545661092764,410.4877956327140300055741631815068,1894.52,200858,500,1821633217205823221
1682789627000,USDC,WETH,59945.970328,-31.643538957988161809,59940.3582649477062355245468127187,1894.41,200858,500,1821633217205823221
1682789651000,USDC,WETH,1000,-0.527686146933978448,999.7344850197321163582841195362335,1895.07,200855,500,1821633217205823221
1682789651000,USDC,WETH,828.574457,-0.437226531787050407,828.353765908840647549411984051711,1895.07,200855,500,1821633217205823221
1682789651000,USDC,WETH,157421.875,-83.081360878316011325,157391.4587425983598758636362476667,1894.79,200855,500,1821633217205823221
1682789675000,USDC,WETH,-41.661803,0.022,41.66555621722842631246446663581577,1893.72,200852,500,1821633217205823221
1682789675000,USDC,WETH,168945.3125,-89.138091860527750206,168889.0819803038764801206756229414,1895.32,200852,500,1821633217205823221
1682789675000,USDC,WETH,-12021.534669,6.35,12024.40630970002304927951650624683,1893.16,200855,500,1821633217205823221
1682789723000,USDC,WETH,-90890.968347,48,90902.91264745293013628610902359805,1893.56,200853,500,1821633217205823221
1682789723000,USDC,WETH,229,-0.120805197377345542,228.9061170638010641514850323692553,1895.61,200852,500,1821633217205823221
1682789747000,USDC,WETH,524.348233,-0.276657062795919459,524.176588247071105339916380404541,1895.30,200853,500,1821633217205823221
1682789795000,USDC,WETH,15321.091699,-8.083610557836039621,15315.96561500255243424508449497063,1895.33,200853,500,1821633217205823221
1682789831000,USDC,WETH,-32211.333341,17.01433175906898168,32218.74519070799944319862609234301,1893.19,200855,500,1821633217205823221
1682789831000,USDC,WETH,10990,-5.7991061989599577,10986.92615108498598332016925545711,1895.12,200854,500,1821633217205823221
1682789831000,USDC,WETH,4000,-2.110780029336208567,3998.971504329145177175784971327069,1895.03,200855,500,1821633217205823221
1682789831000,USDC,WETH,-73262.903562,38.695208515484462692,73276.96580969436054351473009960965,1893.33,200854,500,1821633217205823221
1682789879000,USDC,WETH,116015.625,-61.214157736928029116,115979.4416024932968742567004536711,1895.24,200853,500,1821633217205823221
1682789891000,USDC,WETH,-4329.870941,2.286654036273057209,4330.4648933866305649495703656236,1893.54,200853,500,1821633217205823221
1682789927000,USDC,WETH,121.63,-0.064170213402885693,121.5861017899994177405428615067442,1895.43,200853,500,1821633217205823221
1682789939000,USDC,WETH,59,-0.031127534049010136,58.9787010959044312278245011653674,1895.43,200853,500,1821633217205823221
1682789963000,USDC,WETH,-1325.471607,0.7,1325.656635411813564487505756594138,1893.53,200853,500,1821633217205823221
1682789987000,USDC,WETH,-4875.656133,2.574916435298610406,4876.350559916508966596936184998968,1893.52,200853,500,1821633217205823221
1682789999000,USDC,WETH,-88810.429914,46.906303774220532145,88826.8805568778794116162576322784,1893.36,200854,500,1821633217205823221
1682789999000,USDC,WETH,-6376.287231,3.368,6377.739846755697264562741983155795,1893.20,200855,500,1821633217205823221
1682789999000,USDC,WETH,1000,-0.527676403630527782,999.725257821404852431894574993156,1895.10,200854,500,1821633217205823221
1682790011000,USDC,WETH,-30290.136088,16,30297.54420198431004542870300786602,1893.13,200855,500,1821633217205823221
1682790047000,USDC,WETH,-9.967114,0.005265905747,9.970526455100628637753302390492365,1892.76,200857,500,1821633217205823221
1682790047000,USDC,WETH,-91789.943678,48.491129469413175339,91817.5145364383441222990683764301,1892.92,200857,500,1821633217205823221
1682790059000,USDC,WETH,-53309.763177,28.166412287012161349,53329.3122531817561354719984321386,1892.67,200858,500,1821633217205823221
1682790059000,USDC,WETH,-15144.916697,8.002373750253200202,15149.46987912341636463141547794394,1892.55,200858,500,1821633217205823221
1682790083000,USDC,WETH,-37.850535,0.02,37.86217738972784455153615158169851,1892.53,200858,500,1821633217205823221
1682790107000,USDC,WETH,100,-0.052786581713248211,99.9807370645268517545832071582432,1894.42,200858,500,1821633217205823221
1682790119000,USDC,WETH,5296.6629,-2.795927102144941647,5295.642429578332944709535205555535,1894.42,200858,500,1821633217205823221
1682790119000,USDC,WETH,-2660.311566,1.405696168677510262,2661.132866929084221492697493133363,1892.52,200858,500,1821633217205823221
1682790155000,USDC,WETH,-18.925361,0.01,18.93113544486392227576807579084926,1892.54,200858,500,1821633217205823221
1682790179000,USDC,WETH,-941.629311,0.497549358131892795,941.91702353177909126799786702462,1892.53,200858,500,1821633217205823221
1682790203000,USDC,WETH,-3406.548514,1.8,3407.596147075506009638253642352866,1892.53,200858,500,1821633217205823221
1682790215000,USDC,WETH,4500,-2.375393722553379806,4499.130843830926887866397796696712,1894.42,200858,500,1821633217205823221
1682790239000,USDC,WETH,4784.223814,-2.524735852391625018,4782.646673605271166918761435500864,1894.94,200855,500,1821633217205823221
1682790239000,USDC,WETH,3000,-1.583174552443765136,2999.021691966889504621935481627947,1894.93,200855,500,1821633217205823221
1682790239000,USDC,WETH,141919.970122,-74.904607340111827979,141883.0750372572285979423602879036,1894.68,200855,500,1821633217205823221
1682790251000,USDC,WETH,-2498.825764,1.32,2499.248934722037740401386004392102,1893.05,200855,500,1821633217205823221
1682790275000,USDC,WETH,-2231.39004,1.178732676545793767,2231.772743991270725199917137360523,1893.04,200855,500,1821633217205823221
1682790299000,USDC,WETH,-1893.034507,1,1893.362747986392227576807579084926,1893.03,200855,500,1821633217205823221
1682790299000,USDC,WETH,-170,0.08980307528581985,170.029637225400804899773572812301,1893.03,200855,500,1821633217205823221
1682790311000,USDC,WETH,250,-0.131931306050887707,249.9185627159883219101510823833784,1894.93,200855,500,1821633217205823221
1682790407000,USDC,WETH,9900,-5.224428399204847909,9896.726491053864792496752946702685,1894.94,200855,500,1821633217205823221
1682790515000,USDC,WETH,-500,0.264121672049175285,500.082415175974093437725192623057,1893.07,200855,500,1821633217205823221
1682790539000,USDC,WETH,3071,-1.620609442236845518,3069.966748704062296133982853973795,1894.97,200855,500,1821633217205823221
1682790551000,USDC,WETH,-2000,1.056482960387822059,2000.326131044854909537925079682511,1893.07,200855,500,1821633217205823221
1682790563000,USDC,WETH,-215807.395501,114.022543529744025427,215865.4293615166643903820804998804,1892.67,200859,500,1821633217205823221
1682790563000,USDC,WETH,-200,0.105648521411946182,200.0328264980503798669564637366539,1893.07,200855,500,1821633217205823221
1682790587000,USDC,WETH,-700,0.369924951456247141,700.2617735844449647812791096659595,1892.28,200859,500,1821633217205823221
1682790599000,USDC,WETH,-3405.97823,1.8,3407.311005075506009638253642352866,1892.21,200860,500,1821633217205823221
1682790599000,USDC,WETH,-13624.180386,7.2,13629.37775330202403855301456941147,1892.25,200860,500,1821633217205823221
1682790611000,USDC,WETH,-1040.710136,0.55,1041.120089967515725167244168496709,1892.20,200860,500,1821633217205823221
1682790635000,USDC,WETH,-300,0.158545837013072832,300.1184114454018929108369712911806,1892.20,200860,500,1821633217205823221
1682790683000,USDC,WETH,100,-0.052795789338729263,99.98945526322850394063131701498885,1894.09,200860,500,1821633217205823221
1682790695000,USDC,WETH,-8067.342845,4.263519632728315069,8070.56577740308286077512677610364,1892.18,200860,500,1821633217205823221
1682790731000,USDC,WETH,947.028445,-0.5,946.9369697431961137884037895424625,1894.06,200860,500,1821633217205823221
1682790767000,USDC,WETH,44649.449131,-23.572248349459606464,44644.00171010012409913905695460898,1894.15,200859,500,1821633217205823221
1682790827000,USDC,WETH,-14000,7.398328464975552186,14005.0739737925278699003121434609,1892.32,200859,500,1821633217205823221
1682790875000,USDC,WETH,991.25,-0.523310983356668158,991.1196468065046351658395540881195,1894.19,200859,500,1821633217205823221
1682790887000,USDC,WETH,114328.319565,-60.350646095881464527,114306.8971277281418357861424680856,1894.40,200857,500,1821633217205823221
1682790899000,USDC,WETH,-5110.309854,2.7,5111.6377621132590144573804635293,1892.71,200857,500,1821633217205823221
1682790935000,USDC,WETH,-26307.830653,13.9,26315.06769986085196331762534928047,1892.65,200858,500,1821633217205823221
1682790947000,USDC,WETH,-13000,6.868939165056400379,13003.82410033477357629740155762327,1892.58,200858,500,1821633217205823221
1682790959000,USDC,WETH,143359.375,-75.662928088936909872,143320.7900606578045007491448005969,1894.71,200855,500,1821633217205823221
1682790971000,USDC,WETH,2500,-1.31927598465815245,2499.150522057670362614025290716557,1894.98,200855,500,1821633217205823221
1682790983000,USDC,WETH,178710.9375,-94.291059474623117336,178634.5335838953444562640697556495,1895.31,200852,500,1821633217205823221
1682790995000,USDC,WETH,417.041745,-0.22,416.8268812870062900668976673986836,1895.64,200852,500,1821633217205823221
1682790995000,USDC,WETH,1000,-0.527525852797903665,999.4854769467868524980629646078815,1895.64,200852,500,1821633217205823221
1682791019000,USDC,WETH,32309.519301,-17.046008544027952775,32294.6960393894137620765962718248,1895.43,200852,500,1821633217205823221
1682791019000,USDC,WETH,-73850.849703,39,73852.3991364692968754954955843121,1893.61,200853,500,1821633217205823221
1682791019000,USDC,WETH,-754.934022,0.398645343621582708,754.922558506075224915341266176654,1893.75,200852,500,1821633217205823221
1682791043000,USDC,WETH,163256.81457,-86.115475037517672906,163166.4568298289872687451737187458,1895.79,200849,500,1821633217205823221
1682791055000,USDC,WETH,6039.353175,-3.185138274101405703,6035.51041164907938923178332264784,1896.10,200849,500,1821633217205823221
1682791091000,USDC,WETH,-378826.420453,200,378782.3091237784455153615158169851,1894.13,200850,500,1821633217205823221
1682791103000,USDC,WETH,-391.815511,0.206860091671227297,391.7723012879436363989605834971868,1894.11,200850,500,1821633217205823221
1682791103000,USDC,WETH,2000,-1.05484828974064373,1998.778350507604953812390064555462,1896.01,200850,500,1821633217205823221
1682791115000,USDC,WETH,-131454.723731,69.410490206302806016,131448.3717874296652244474999774667,1893.87,200852,500,1821633217205823221
1682791151000,USDC,WETH,-3504.611411,1.850740833454052397,3504.671325117959924790423105209768,1893.63,200852,500,1821633217205823221
1682791175000,USDC,WETH,-757.522026,0.400039426469114177,757.536541569201156422829402388474,1893.62,200852,500,1821633217205823221
1682791211000,USDC,WETH,7496.874173,-3.955036660228620462,7493.24572876597738559743438482855,1895.53,200852,500,1821633217205823221
1682791223000,USDC,WETH,18000,-9.495811103398309689,17991.06595974654633147667829766732,1895.57,200852,500,1821633217205823221
1682791223000,USDC,WETH,-102,0.053862512067714997,102.0033111751440385213287212245816,1893.71,200852,500,1821633217205823221
1682791271000,USDC,WETH,99944.34178,-52.709530252336076259,99883.70435089402648624977349815465,1896.13,200849,500,1821633217205823221
1682791271000,USDC,WETH,170898.4375,-90.141164083455141994,170805.3906949380145708068846504456,1895.90,200849,500,1821633217205823221
1682791295000,USDC,WETH,-2054.469909,1.084564149439033977,2054.226839574014338950417090166019,1894.28,200849,500,1821633217205823221
1682791295000,USDC,WETH,-7355.310153,3.882910677422533452,7354.447969057569346793057858458935,1894.28,200849,500,1821633217205823221
1682791307000,USDC,WETH,143746.580326,-75.806381564771764785,143655.6174177893180618842214686112,1896.23,200848,500,1821633217205823221
1682791319000,USDC,WETH,-198.922087,0.105,198.8872950394283081343455066029744,1894.50,200848,500,1821633217205823221
1682791319000,USDC,WETH,108399.683816,-57.162448100516768369,108327.9175599190105642299709966452,1896.34,200848,500,1821633217205823221
1682791331000,USDC,WETH,198281.223,-104.552276125316030185,198142.9058338612999368717815763917,1896.48,200847,500,1821633217205823221
1682791343000,USDC,WETH,319688.000189,-168.548922769341983349,319445.7866846359179869343368299819,1896.71,200845,500,1821633217205823221
1682791355000,USDC,WETH,183529.568832,-96.750880138542331965,183379.8067523408405306681422833371,1896.93,200844,500,1821633217205823221
1682791367000,USDC,WETH,7939.544202,-4.184579713605426022,7932.220436159256740845548021061725,1897.33,200843,500,1821633217205823221
1682791367000,USDC,WETH,363281.25,-191.485857425922548126,362961.7776349798217090967202271166,1897.17,200843,500,1821633217205823221
1682791379000,USDC,WETH,411328.125,-216.771604107511665638,410928.7104676078619850954475650585,1897.52,200841,500,1821633217205823221
1682791439000,USDC,WETH,-1061.677082,0.560014729787548533,1061.125830425159765108092859071507,1895.80,200841,500,1821633217205823221
1682791475000,USDC,WETH,3500,-1.844337527250902672,3496.433970552909152347423345476559,1897.70,200841,500,1821633217205823221
1682791475000,USDC,WETH,-13270.591845,7,13263.7126917952205422897004401983,1895.80,200841,500,1821633217205823221
1682791499000,USDC,WETH,-937.584213,0.494560546875,937.0997382625807113883611877691995,1895.79,200841,500,1821633217205823221
1682791511000,USDC,WETH,2600,-1.370086411167645309,2597.357677595303812815492622630244,1897.69,200841,500,1821633217205823221
1682791523000,USDC,WETH,10000,-5.269547700211834972,9989.82262038359864433477531309224,1897.70,200841,500,1821633217205823221
1682791535000,USDC,WETH,894.85954,-0.471555446820689067,893.953488765536571795404335242153,1897.68,200841,500,1821633217205823221
1682791535000,USDC,WETH,-27932.413253,14.733910229680753863,27917.99200417232905573212079554059,1895.79,200841,500,1821633217205823221
1682791547000,USDC,WETH,-285.294507,0.150489308367124766,285.1480899543270489277922258970337,1895.78,200841,500,1821633217205823221
1682791571000,USDC,WETH,32891.428614,-17.332342860800837036,32857.99888838665209102504252918048,1897.69,200841,500,1821633217205823221
1682791595000,USDC,WETH,103.014853,-0.054285475951613189,102.9112492324064688882937255300693,1897.65,200841,500,1821633217205823221
1682791595000,USDC,WETH,-568734.193552,300,568442.1011743665946695585902942125,1895.78,200841,500,1821633217205823221
1682791619000,USDC,WETH,9876.655889,-5.204664251516903843,9866.711344972286131810054495205875,1897.65,200841,500,1821633217205823221
1682791643000,USDC,WETH,84.008883,-0.044269742515608418,83.9241991661200599287492523594228,1897.66,200841,500,1821633217205823221
1682791655000,USDC,WETH,5838.408132,-3.076632621586125213,5832.518817697455555793390772409095,1897.66,200841,500,1821633217205823221
1682791655000,USDC,WETH,197.47841,-0.104063924317139167,197.2790708603419909741702274935151,1897.66,200841,500,1821633217205823221
1682791667000,USDC,WETH,15214.702045,-8.017564685802379859,15199.31676711166581026982655380845,1897.67,200841,500,1821633217205823221
1682791703000,USDC,WETH,-284.367097,0.15,284.2210506991832973347792951471063,1895.78,200841,500,1821633217205823221
1682791727000,USDC,WETH,20010.745039,-10.544810380034412025,19990.42936979405772890015264722505,1897.69,200841,500,1821633217205823221
1682791727000,USDC,WETH,196369.76372,-103.473288573337183988,196165.464881947388143202394603736,1897.78,200840,500,1821633217205823221
1682791739000,USDC,WETH,146218.301351,-77.039060526783727583,146058.722202140392396241598092558,1897.98,200838,500,1821633217205823221
1682791763000,USDC,WETH,-1657.422201,0.874032833320724043,1656.347370399671664124946367909667,1896.29,200838,500,1821633217205823221
1682791763000,USDC,WETH,-1633.929853,0.861647224627275029,1632.873056919445076845062966187801,1896.29,200838,500,1821633217205823221
1682791775000,USDC,WETH,-7585.222452,4,7580.27795131155459559411453725617,1896.31,200838,500,1821633217205823221
1682791775000,USDC,WETH,9490.997898,-5,9480.08235563944324449264317157021,1898.20,200838,500,1821633217205823221
1682791775000,USDC,WETH,-9007.295836,4.75,9001.5021543074710822680110129917,1896.27,200838,500,1821633217205823221
1682791811000,USDC,WETH,-189.625462,0.1,189.5043991327888648898528634314042,1896.25,200838,500,1821633217205823221
1682791823000,USDC,WETH,12182.407597,-6.417954623818248944,12168.47209179895430758006511120449,1898.18,200838,500,1821633217205823221
1682791835000,USDC,WETH,-715.308,0.377212270798332195,714.8425916205135642448558456003465,1896.30,200838,500,1821633217205823221
1682791859000,USDC,WETH,1982.5,-1.044409826570588516,1980.219086922457416718012276208203,1898.20,200838,500,1821633217205823221
1682791871000,USDC,WETH,117187.5,-61.728413105823778803,117045.4140818036003669336993273156,1898.44,200836,500,1821633217205823221
1682791883000,USDC,WETH,40000,-21.066514215723561956,39948.23372829974418406863335550852,1898.75,200835,500,1821633217205823221
1682791907000,USDC,WETH,10000,-5.266354184948533977,9986.79862750870370764045712591644,1898.85,200835,500,1821633217205823221
1682791919000,USDC,WETH,442.09173,-0.232818630130361029,441.5057095943466489842750963245982,1898.87,200835,500,1821633217205823221
1682791931000,USDC,WETH,-1000,0.527157020455873766,999.173776348773896650341116451684,1896.97,200835,500,1821633217205823221
1682791955000,USDC,WETH,25430.039767,-13.391880850843558678,25396.15229135904975768369030621252,1898.91,200834,500,1821633217205823221
1682791955000,USDC,WETH,-99.979253,0.052702033244442576,99.8946002060696741792710710111801,1897.07,200834,500,1821633217205823221
1682791979000,USDC,WETH,112304.6875,-59.133037947960625917,112147.0088944264984699355158362999,1899.19,200832,500,1821633217205823221
1682791979000,USDC,WETH,-599.59931,0.3159928772493312,599.021815125977304689268851595137,1897.51,200832,500,1821633217205823221
1682791991000,USDC,WETH,336.647198,-0.177238019456599499,336.1550498222540702841565696836403,1899.41,200832,500,1821633217205823221
1682792003000,USDC,WETH,-6572.590657,3.463823034334327065,6566.28258533247422564862019233837,1897.50,200832,500,1821633217205823221
1682792015000,USDC,WETH,291.874675,-0.153668185822012503,291.4498784932004388191619765504092,1899.38,200832,500,1821633217205823221
1682792027000,USDC,WETH,56540.678246,-29.766162768308299442,56456.71977729210845554643056236395,1899.50,200831,500,1821633217205823221
1682792027000,USDC,WETH,36500,-19.213770984914903124,36444.03686664659458683067233290502,1899.68,200830,500,1821633217205823221
1682792039000,USDC,WETH,176.582362,-0.092950230831616255,176.3082562447025211627514609569928,1899.75,200830,500,1821633217205823221
1682792063000,USDC,WETH,-11000,5.796090262492684169,10988.47386600982146527835243761074,1897.83,200830,500,1821633217205823221
1682792087000,USDC,WETH,116992.1875,-61.576819582166759819,116804.8414959984867618837171958455,1899.94,200828,500,1821633217205823221
1682792171000,USDC,WETH,15426.185384,-8.118197728832328126,15403.21713106665817846601771372788,1900.20,200827,500,1821633217205823221
1682792315000,USDC,WETH,470,-0.247338556715707969,469.3093352215385635169183381997346,1900.23,200827,500,1821633217205823221
1682792339000,USDC,WETH,3000,-1.578751099485776959,2995.586153298245032654096689346563,1900.24,200827,500,1821633217205823221
1682792351000,USDC,WETH,-276.00389,0.145392096765784963,275.7351233285738450428892817479121,1898.34,200827,500,1821633217205823221
1682792375000,USDC,WETH,600,-0.315738286177966792,599.105925581108359584841866510929,1900.31,200827,500,1821633217205823221
1682792375000,USDC,WETH,16814.288074,-8.848349620834433221,16789.3831225481243531618341013962,1900.27,200827,500,1821633217205823221
1682792399000,USDC,WETH,2000,-1.052450476600540539,1997.00982653224595955017754578086,1900.33,200827,500,1821633217205823221
1682792399000,USDC,WETH,3530.220412,-1.857701663985423365,3524.952455054116069950769396956552,1900.32,200827,500,1821633217205823221
1682792411000,USDC,WETH,-437.895124,0.23066169912596735,437.4585378095535489100493237103184,1898.43,200827,500,1821633217205823221
1682792447000,USDC,WETH,5000,-2.631109587725211623,4992.508837202891647231101732363097,1900.34,200827,500,1821633217205823221
1682792459000,USDC,WETH,-379.689622,0.2,379.3092748772229512981492614768989,1898.45,200827,500,1821633217205823221
1682792459000,USDC,WETH,379.689622,-0.199800049644674782,379.119857442854188000452084729646,1900.35,200827,500,1821633217205823221
1682792471000,USDC,WETH,6864.385755,-3.61219709444430951,6854.107807088767902884899597685675,1900.34,200827,500,1821633217205823221
1682792471000,USDC,WETH,-8848.997118,4.661195560861968607,8840.153148828022128626406300861475,1898.44,200827,500,1821633217205823221
1682792471000,USDC,WETH,2000.000007,-1.052436246905192463,1996.996349924244662386315041910604,1900.35,200827,500,1821633217205823221
1682792483000,USDC,WETH,2850.531532,-1.5,2846.249245079172134736119461076742,1900.35,200827,500,1821633217205823221
1682792507000,USDC,WETH,-6871.656508,3.619643241103221148,6864.79708451217724491514817099471,1898.43,200827,500,1821633217205823221
1682792507000,USDC,WETH,-3027.675325,1.594810896766709278,3024.637620207288656287642382362723,1898.45,200827,500,1821633217205823221
1682792519000,USDC,WETH,-30563.619774,16.1,30533.70935385363796347230924054351,1898.36,200828,500,1821633217205823221
1682792531000,USDC,WETH,6000,-3.157540540806015746,5991.285557402752642527889456556885,1900.21,200827,500,1821633217205823221
1682792543000,USDC,WETH,6710.982751,-3.531653755603490883,6701.191845964023153624598366047825,1900.24,200827,500,1821633217205823221
1682792567000,USDC,WETH,-37393.027992,19.698391935264574985,37357.72025401198911876534884219147,1898.28,200828,500,1821633217205823221
1682792591000,USDC,WETH,3000,-1.578855529721811354,2995.723548834229705833216420630106,1900.11,200828,500,1821633217205823221
1682792615000,USDC,WETH,1870.773322,-0.984555325813675904,1868.101883024869745113249648348591,1900.12,200828,500,1821633217205823221
1682792615000,USDC,WETH,-1096.161305,0.577467413107407455,1095.142490780618395724064458911261,1898.22,200828,500,1821633217205823221
1682792687000,USDC,WETH,13670.678928,-7.194540591280482265,13651.0636280202617869186589952292,1900.15,200828,500,1821633217205823221
1682792723000,USDC,WETH,-6000,3.160786817682065988,5994.36090703300025115074703050819,1898.26,200828,500,1821633217205823221
1682792735000,USDC,WETH,729.410416,-0.383869734639796424,728.362927770380633736763863215672,1900.15,200828,500,1821633217205823221
1682792747000,USDC,WETH,1000,-0.526273059019163851,998.5630367527574549930259828442405,1900.15,200828,500,1821633217205823221
1682792771000,USDC,WETH,383.24746,-0.201692525479830907,382.6964749757136747465380643193285,1900.16,200828,500,1821633217205823221
1682792819000,USDC,WETH,-266.960394,0.140634445499614,266.7097724432197301860396566817598,1898.26,200828,500,1821633217205823221
1682792819000,USDC,WETH,5000,-2.631348394740456139,4992.799173268194474648289419530941,1900.17,200828,500,1821633217205823221
1682792867000,USDC,WETH,2825.732632,-1.4870854116428891,2821.65174788433556737561052416171,1900.18,200828,500,1821633217205823221
1682792927000,USDC,WETH,-49.254995,0.0259470679813161,49.20836628265248771365443586189415,1898.29,200828,500,1821633217205823221
1682792939000,USDC,WETH,2000,-1.05252574202054942,1997.106770352662279303840421641833,1900.19,200828,500,1821633217205823221
1682793011000,USDC,WETH,-1010,0.532272480397876503,1009.246568695101241893782272755823,1897.52,200832,500,1821633217205823221
1682793011000,USDC,WETH,-196443.172217,103.505022372871495952,196276.7257152222969794514374094964,1897.91,200832,500,1821633217205823221
1682793011000,USDC,WETH,1123.373813,-0.591428955015990992,1121.975165195653983306983176728603,1899.42,200832,500,1821633217205823221
1682793023000,USDC,WETH,-2523.698109,1.329999999781205445,2521.820142527781105130984985183068,1897.52,200832,500,1821633217205823221
1682793035000,USDC,WETH,-154163.621548,81.258176883299844096,154061.4751015548322941438774648674,1897.21,200835,500,1821633217205823221
1682793095000,USDC,WETH,5307.770136,-2.795311820600847198,5302.014448871250675802976995793845,1898.81,200835,500,1821633217205823221
1682793095000,USDC,WETH,252.586863,-0.133022895447987825,252.312230250209937829668355863406,1898.82,200835,500,1821633217205823221
1682793119000,USDC,WETH,144.24,-0.075962836394177021,144.0831410804456338247982059119797,1898.82,200835,500,1821633217205823221
1682793131000,USDC,WETH,-295.920238,0.156,295.7462015298260470396543021639164,1896.92,200835,500,1821633217205823221
1682793251000,USDC,WETH,147208.845615,-77.526209933594163322,147048.6206246203008109555141890872,1898.83,200835,500,1821633217205823221
1682793251000,USDC,WETH,495.625,-0.261015687560010002,495.0848457905315899464726511804431,1898.83,200835,500,1821633217205823221
1682793287000,USDC,WETH,341.161938,-0.179669185895574739,340.7899762745517073901780316953507,1898.83,200835,500,1821633217205823221
1682793299000,USDC,WETH,-1896.932447,1,1895.812906383500301536245526691772,1896.93,200835,500,1821633217205823221
1682793335000,USDC,WETH,-5722.134189,3.01654370727025422,5718.779769355571887584031600810405,1896.92,200835,500,1821633217205823221
1682793371000,USDC,WETH,-53679.429219,28.3,53649.62573510305853347574840537715,1896.80,200836,500,1821633217205823221
1682793371000,USDC,WETH,-75.648607,0.03988,75.60448921339399202526547160446785,1896.91,200835,500,1821633217205823221
1682793383000,USDC,WETH,-15400.903761,8.12,15392.90694551402244847431367673719,1896.66,200836,500,1821633217205823221
1682793443000,USDC,WETH,1900,-1.000771970523133257,1898.07800659787443298901412645415,1898.53,200836,500,1821633217205823221
1682793467000,USDC,WETH,4989.67346,-2.628152364132369768,4984.608154273229714706055018601687,1898.55,200836,500,1821633217205823221
1682793563000,USDC,WETH,-7500,3.954351024157602708,7496.141325692677092721418167629955,1896.64,200836,500,1821633217205823221
1682793611000,USDC,WETH,-9006.491507,4.748725573104522821,9001.93517310461860941835618487899,1896.61,200837,500,1821633217205823221
1682793635000,USDC,WETH,-86.655173,0.045689882321703084,86.611744958802898024947536556715,1896.59,200837,500,1821633217205823221
1682793671000,USDC,WETH,-79399.143594,41.867531348539543543,79362.63874055989869226847335592495,1896.44,200838,500,1821633217205823221
1682793743000,USDC,WETH,-948.139168,0.5,947.742925441750150768122763345886,1896.28,200838,500,1821633217205823221
1682793779000,USDC,WETH,-227.553121,0.12,227.4581624460200361843494632030126,1896.28,200838,500,1821633217205823221
1682793791000,USDC,WETH,-4000,2.109406861197002349,3998.33959280667632160153280692903,1896.27,200838,500,1821633217205823221
1682793803000,USDC,WETH,1000,-0.526826143545466928,999.086999544104867061130296894079,1898.16,200838,500,1821633217205823221
1682793863000,USDC,WETH,9000,-4.741385881467420527,8991.736187078821983328304740554505,1898.18,200838,500,1821633217205823221
1682793875000,USDC,WETH,-107.05,0.056452066271231226,107.0046777239704315788690358220542,1896.30,200838,500,1821633217205823221
1682793887000,USDC,WETH,10716.6,-5.645611476052150272,10706.65130468702646059316046048193,1898.22,200838,500,1821633217205823221
1682793923000,USDC,WETH,314.234147,-0.165539770864425164,313.9406263137078884276664722016032,1898.24,200838,500,1821633217205823221
1682793959000,USDC,WETH,-227.561039,0.12,227.4621214460200361843494632030126,1896.34,200838,500,1821633217205823221
1682793971000,USDC,WETH,-682.682469,0.36,682.386040338060108553048389609038,1896.34,200838,500,1821633217205823221
1682793983000,USDC,WETH,4840.195586,-2.549825011912340409,4835.666059968537328209886531450749,1898.25,200838,500,1821633217205823221
1682793983000,USDC,WETH,-1024.870744,0.540437676027712688,1024.417211690121404758133146415077,1896.37,200838,500,1821633217205823221
1682793983000,USDC,WETH,4000,-2.107188833425045847,3996.238351554369848578167106582333,1898.26,200838,500,1821633217205823221
1682793995000,USDC,WETH,10000.1,-5.267959165745052796,9990.633641234307335621805443952595,1898.29,200838,500,1821633217205823221
1682794007000,USDC,WETH,-49683.348729,26.2,49662.15745604770790024963279932442,1896.31,200839,500,1821633217205823221
1682794019000,USDC,WETH,2500,-1.317095912460884676,2497.746443709236188404593085253454,1898.12,200839,500,1821633217205823221
1682794067000,USDC,WETH,2084.044981,-1.097949605024221475,2082.1614067929455510848972996804,1898.12,200839,500,1821633217205823221
1682794079000,USDC,WETH,2313,-1.21856573316607708,2310.904205190383669388213766559389,1898.13,200838,500,1821633217205823221
1682794139000,USDC,WETH,-13083.877862,6.9,13078.63104289615208060009413417323,1896.21,200839,500,1821633217205823221
1682794139000,USDC,WETH,3440.806926,-1.812770717607949519,3437.725789154233429270845546264401,1898.09,200839,500,1821633217205823221
1682794187000,USDC,WETH,2000,-1.053683323993444937,1998.203401794850585288571126907628,1898.10,200839,500,1821633217205823221
1682794187000,USDC,WETH,44.555652,-0.02347372314,44.51557975160466295236834416862613,1898.11,200839,500,1821633217205823221
1682794199000,USDC,WETH,-835.834363,0.440792472292318783,835.5004679661454153464988022346165,1896.21,200839,500,1821633217205823221
1682794199000,USDC,WETH,2000.55,-1.0539704319799619,1998.750392593506790915999094033181,1898.11,200839,500,1821633217205823221
1682794223000,USDC,WETH,-23853.786334,12.58,23844.51443767443379332596872578249,1896.17,200839,500,1821633217205823221
1682794235000,USDC,WETH,1000,-0.526864895248289862,999.1237108412302607606643900600725,1898.02,200839,500,1821633217205823221
1682794247000,USDC,WETH,-5712.559239,3.012773714578468412,5710.42080428451356404056034149825,1896.11,200839,500,1821633217205823221
1682794283000,USDC,WETH,-20448.471025,10.784710804360141025,20441.09551886842598071921868349249,1896.06,200840,500,1821633217205823221
1682794283000,USDC,WETH,-69.178031,0.03648435,69.15234344966063422635391948175695,1896.10,200839,500,1821633217205823221
1682794343000,USDC,WETH,-18.960213,0.01,18.95357332883500301536245526691772,1896.02,200840,500,1821633217205823221
1682794391000,USDC,WETH,1500,-0.790338209893261777,1498.724281498465165354687201480139,1897.92,200840,500,1821633217205823221
1682794439000,USDC,WETH,-3145.046255,1.658761248206613573,3143.945093684229881804896887136642,1896.02,200840,500,1821633217205823221
1682794499000,USDC,WETH,-495.676669,0.261430898521564549,495.5040290176571586186703019036287,1896.01,200840,500,1821633217205823221
1682794511000,USDC,WETH,12254.433628,-6.456722374343819078,12243.97133763429509542018651923509,1897.93,200839,500,1821633217205823221
1682794535000,USDC,WETH,4600,-2.423645860192200527,4596.032866137408899828983748269957,1897.97,200839,500,1821633217205823221
1682794535000,USDC,WETH,-4740.173207,2.5,4738.453310708750753840613816729429,1896.07,200839,500,1821633217205823221
1682794559000,USDC,WETH,-599.275627,0.3160656152217,599.0615256538102557530109040354195,1896.05,200839,500,1821633217205823221
1682794559000,USDC,WETH,76.156606,-0.040125831680427328,76.09137654039449791197587384004185,1897.94,200839,500,1821633217205823221
1682794559000,USDC,WETH,-2681.214061,1.414101690733437505,2680.251576476271436982015062375266,1896.05,200839,500,1821633217205823221
1682794583000,USDC,WETH,-14000,7.383886712642058649,13995.10058400900785190828815890427,1896.02,200840,500,1821633217205823221
1682794631000,USDC,WETH,10068.747675,-5.305175652463423741,10060.21439397553389605056034061166,1897.91,200840,500,1821633217205823221
1682794655000,USDC,WETH,1994,-1.050616421451068127,1992.297981844602940620354517248059,1897.93,200840,500,1821633217205823221
1682794691000,USDC,WETH,-4929.678857,2.6,4927.940803997100783994238369398606,1896.03,200840,500,1821633217205823221
1682794703000,USDC,WETH,3277.949533,-1.727123142699072439,3275.159146667292616929155909595516,1897.92,200840,500,1821633217205823221
1682794703000,USDC,WETH,-573.650498,0.302553119727581764,573.4479433699791005191573315366665,1896.03,200840,500,1821633217205823221
1682794703000,USDC,WETH,-411.438608,0.217,411.2935341857195654333652792921144,1896.03,200840,500,1821633217205823221
1682794739000,USDC,WETH,6383,-3.363121095321173863,6377.549842038771213684694679902345,1897.94,200839,500,1821633217205823221
1682794763000,USDC,WETH,912.214352,-0.480630467559627936,911.432031051386395295988094345322,1897.95,200839,500,1821633217205823221
1682794775000,USDC,WETH,116585.030248,-61.41919042707520669,116477.9317093770829914737585917587,1898.19,200837,500,1821633217205823221
1682794787000,USDC,WETH,-108089.366068,57,108043.5834152147667394178910730216,1896.30,200839,500,1821633217205823221
1682794799000,USDC,WETH,180664.0625,-95.16921440283632368,180490.5036692496180371026434525074,1898.35,200835,500,1821633217205823221
1682794799000,USDC,WETH,300,-0.158002584028400171,299.6836104372648457618201054121494,1898.70,200835,500,1821633217205823221
1682794811000,USDC,WETH,-200,0.105440459169464577,199.8889272077449262131553512140442,1896.81,200835,500,1821633217205823221
1682794823000,USDC,WETH,-1000,0.527207118264255369,999.449204551207681711630038652972,1896.79,200836,500,1821633217205823221
1682794823000,USDC,WETH,-3793.594416,2,3791.495466989991815418171616597247,1896.80,200836,500,1821633217205823221
1682794835000,USDC,WETH,80,-0.042134443789232255,79.91602864548501360222436802888095,1898.68,200836,500,1821633217205823221
1682794847000,USDC,WETH,-19711.391888,10.392208439076558444,19700.74556228972785564371808645667,1896.75,200836,500,1821633217205823221
1682794943000,USDC,WETH,4387.712756,-2.311007051043676251,4383.186896063024270296297504251228,1898.62,200836,500,1821633217205823221
1682795003000,USDC,WETH,1591.907302,-0.838451903138234925,1590.260331561429483660451413535747,1898.63,200836,500,1821633217205823221
1682795015000,USDC,WETH,5000.201135,-2.633590407041519053,4995.030147057155015763912329802052,1898.63,200836,500,1821633217205823221
1682795015000,USDC,WETH,-3711.563017,1.956827668829588782,3709.580497137433070218427534836256,1896.72,200836,500,1821633217205823221
1682795039000,USDC,WETH,3145.046255,-1.656472055251125064,3141.780487074940094234234846046939,1898.64,200836,500,1821633217205823221
1682795123000,USDC,WETH,2218.957424,-1.168701555853978051,2216.647113577713445280928291305414,1898.65,200836,500,1821633217205823221
1682795147000,USDC,WETH,-469.54379,0.24755081886343246,469.2889477560461532187595721597044,1896.76,200836,500,1821633217205823221
1682795183000,USDC,WETH,250,-0.131672163202002984,249.7395091881405598919952895563071,1898.65,200836,500,1821633217205823221
1682795219000,USDC,WETH,150,-0.079003265041495142,149.8436743643228645226276925005628,1898.66,200836,500,1821633217205823221
1682795231000,USDC,WETH,2238.564485,-1.179023091642892807,2236.228742022393285209561490045084,1898.66,200836,500,1821633217205823221
1682795243000,USDC,WETH,35218.438058,-18.548375004051444711,35181.0059426348773398164697507556,1898.73,200835,500,1821633217205823221
1682795255000,USDC,WETH,-11124.246335,5.864508331089553761,11117.86002987384000109719376137611,1896.88,200835,500,1821633217205823221
1682795255000,USDC,WETH,-1896.90192,1,1895.800089494995907709085808298624,1896.90,200835,500,1821633217205823221
1682795267000,USDC,WETH,-7593.736759,4.00336336210361761,7589.45117564102223189633946237346,1896.84,200835,500,1821633217205823221
1682795279000,USDC,WETH,110742.1875,-58.317857915997774501,110618.4656807333478542395732467136,1898.94,200833,500,1821633217205823221
1682795279000,USDC,WETH,169.534556,-0.08926816011867343,169.3353917800451844934052375927315,1899.16,200833,500,1821633217205823221
1682795303000,USDC,WETH,-455.342677,0.24,455.0351295787990178501805939916697,1897.26,200833,500,1821633217205823221
1682795351000,USDC,WETH,125976.5625,-66.324124853148972971,125820.3831941481028360166056220926,1899.41,200830,500,1821633217205823221
1682795351000,USDC,WETH,-2000,1.053877577076192836,1998.39000523742673769972195855159,1897.75,200831,500,1821633217205823221
1682795423000,USDC,WETH,-106599.525919,56.173912128562288644,106516.06971482187679278810563631,1897.67,200831,500,1821633217205823221
1682795423000,USDC,WETH,-18800,9.906663669677606534,18785.06920366878223633029874564241,1897.71,200831,500,1821633217205823221
1682795447000,USDC,WETH,-1500,0.7904468348880119,1498.829120943232834537800426700948,1897.66,200831,500,1821633217205823221
1682795459000,USDC,WETH,-13000,6.850642615461715558,12989.95031823897822654806655475789,1897.63,200831,500,1821633217205823221
1682795471000,USDC,WETH,250,-0.131613163456946478,249.6836158310208522447531657206733,1899.51,200831,500,1821633217205823221
1682795555000,USDC,WETH,-2319.941261,1.222564123662950671,2318.165688803908845866920858512346,1897.60,200831,500,1821633217205823221
1682795591000,USDC,WETH,1013.767975,-0.533702716397855663,1012.486791288623240360928885809916,1899.50,200831,500,1821633217205823221
1682795663000,USDC,WETH,-18975.648739,10,18961.31566444995907709085808298624,1897.56,200832,500,1821633217205823221
1682795687000,USDC,WETH,18994.666368,-10,18970.82447894995907709085808298624,1899.47,200831,500,1821633217205823221
1682795687000,USDC,WETH,697.130693,-0.367021435953022611,696.2627843560993642864143472991235,1899.43,200832,500,1821633217205823221
1682795747000,USDC,WETH,-140.422759,0.074,140.3152150826296971704723498140982,1897.60,200831,500,1821633217205823221
1682795819000,USDC,WETH,9450,-4.974935052069389319,9438.12020428774297549554686591316,1899.52,200831,500,1821633217205823221
1682795819000,USDC,WETH,-284.644455,0.15,284.4282094362041410248248851101347,1897.63,200831,500,1821633217205823221
1682795819000,USDC,WETH,-2943.282637,1.551025863197175072,2941.041673820554639980696485100603,1897.64,200831,500,1821633217205823221
1682795855000,USDC,WETH,1007.711317,-0.530505555455400245,1006.443309000724468220481909382828,1899.53,200831,500,1821633217205823221
1682795891000,USDC,WETH,-47438.485813,25,47403.61554559940133048160784916955,1897.54,200832,500,1821633217205823221
1682795903000,USDC,WETH,-120093.303437,63.3,120015.4832406996841687794310740973,1897.21,200835,500,1821633217205823221
1682795903000,USDC,WETH,52901.291192,-27.857822842045996799,52842.44788020130120082149922822,1898.97,200834,500,1821633217205823221
1682795915000,USDC,WETH,149806.00703,-78.871217917630172057,149623.6161414306602714156166238515,1899.37,200830,500,1821633217205823221
1682795915000,USDC,WETH,-379.554182,0.2,379.2520721127952106438528627933564,1897.77,200830,500,1821633217205823221
1682795927000,USDC,WETH,-263.78998,0.139,263.5801018733926713974777396413827,1897.77,200830,500,1821633217205823221
1682795951000,USDC,WETH,-474.442045,0.25,474.0647488909940133048160784916955,1897.77,200830,500,1821633217205823221
1682795963000,USDC,WETH,-37.623234,0.019825,37.59338043512747557340888725972443,1897.77,200830,500,1821633217205823221
1682795987000,USDC,WETH,-999.512167,0.526678541449785117,998.7196028880375610668985951619425,1897.77,200830,500,1821633217205823221
1682795999000,USDC,WETH,37025.607937,-19.490100691451163748,36977.29125796533145683851911948417,1899.71,200830,500,1821633217205823221
1682795999000,USDC,WETH,-5385.821628,2.838,5381.568802847000034165670720963325,1897.75,200831,500,1821633217205823221
1682795999000,USDC,WETH,-170.796738,0.09,170.6623644179809735993341666267439,1897.74,200831,500,1821633217205823221
1682796011000,USDC,WETH,1000,-0.526374336672785974,998.675322557902196037787982630689,1899.79,200830,500,1821633217205823221
1682796059000,USDC,WETH,50.716038,-0.026695591168787533,50.64882747884215063682150177070165,1899.79,200830,500,1821633217205823221
1682796119000,USDC,WETH,1678.5,-0.883516769390375748,1676.274108633448336519121318533075,1899.79,200830,500,1821633217205823221
1682796167000,USDC,WETH,-275.195153,0.145,274.9673468956360130211494906764208,1897.90,200830,500,1821633217205823221
1682796179000,USDC,WETH,111483.375955,-58.675003798577235211,111329.0797000767289313163470842774,1900.01,200827,500,1821633217205823221
1682796263000,USDC,WETH,5000,-2.631242975141795782,4992.780988623163337484950218074871,1900.24,200827,500,1821633217205823221
1682796287000,USDC,WETH,-17431.913408,9.18281790201343491,17415.5538542380796796448460815815,1898.32,200828,500,1821633217205823221
1682796311000,USDC,WETH,2001.544205,-1.053340044171934976,1998.682999165019334757112867884177,1900.19,200828,500,1821633217205823221
1682796335000,USDC,WETH,99648.4375,-52.435869761375944015,99500.79385079783975558936808851065,1900.39,200826,500,1821633217205823221
1682796347000,USDC,WETH,90890.968347,-47.81303098976453002,90742.48478717850202932826978662795,1900.97,200823,500,1821633217205823221
1682796347000,USDC,WETH,52918.851503,-27.841986223223368052,52836.30337110451828878933250045485,1900.69,200825,500,1821633217205823221
1682796359000,USDC,WETH,512.655605,-0.269531236180000797,511.907155276776903210621143188788,1902.03,200818,500,1821633217205823221
1682796359000,USDC,WETH,221032.098894,-116.236077721545739964,220635.520538710625533126226748464,1901.58,200818,500,1821633217205823221
1682796371000,USDC,WETH,237426.738863,-124.795845853446452022,237049.3440090576531409513681079662,1902.52,200813,500,1821633217205823221
1682796383000,USDC,WETH,-1901.108227,1,1899.361951154253131244608239770309,1901.11,200813,500,1821633217205823221
1682796383000,USDC,WETH,1141.80551,-0.6,1140.187457592551878746764943862185,1903.01,200813,500,1821633217205823221
1682796395000,USDC,WETH,336886.989731,-176.963225649784618839,336347.5903385938082130188007243271,1903.71,200805,500,1821633217205823221
1682796419000,USDC,WETH,3000,-1.575283888095816534,2995.834744836845361516844017466349,1904.42,200805,500,1821633217205823221
1682796431000,USDC,WETH,-380.504027,0.2,380.165051542303815676901728395088,1902.52,200805,500,1821633217205823221
1682796479000,USDC,WETH,-1864.465163,0.98,1862.806467907288696816818469135931,1902.52,200805,500,1821633217205823221
1682796491000,USDC,WETH,5000,-2.625463090567935642,4993.048358988464549052975470870097,1904.43,200805,500,1821633217205823221
1682796491000,USDC,WETH,-1522.023366,0.8,1520.663835169215262707606913580352,1902.53,200805,500,1821633217205823221
1682796503000,USDC,WETH,231.324761,-0.121466634159209163,231.0028680697424496256601679127968,1904.43,200805,500,1821633217205823221
1682796515000,USDC,WETH,-12013.147911,6.31439424308967434,12002.50292600996765255499954302501,1902.50,200806,500,1821633217205823221
1682796539000,USDC,WETH,-36145.636912,19,36114.55707001886248930566419753336,1902.40,200806,500,1821633217205823221
1682796611000,USDC,WETH,-133.162858,0.07,133.0509923148063354869156049382808,1902.33,200806,500,1821633217205823221
1682796635000,USDC,WETH,-886.418187,0.4659658344283653,885.674029701039901340863375506197,1902.32,200806,500,1821633217205823221
1682796647000,USDC,WETH,550,-0.288831038874051756,549.263900367429616907453256071218,1904.23,200806,500,1821633217205823221
1682796647000,USDC,WETH,-95.116233,0.05,95.036376010575953919225432098772,1902.32,200806,500,1821633217205823221
1682796671000,USDC,WETH,94.963797,-0.049869960902911186,94.8366774106138800564705925207532,1904.23,200806,500,1821633217205823221
1682796683000,USDC,WETH,81112.941335,-42.592447514932958264,81000.77619359145759571640487619085,1904.40,200805,500,1821633217205823221
1682796707000,USDC,WETH,-19026.223267,10,19008.7635356151907838450864197544,1902.62,200805,500,1821633217205823221
1682796743000,USDC,WETH,900,-0.472567790687714158,898.7339240522166286674287040663735,1904.49,200805,500,1821633217205823221
1682796767000,USDC,WETH,-7039.515988,3.7,7033.14919778262059002268197530913,1902.57,200805,500,1821633217205823221
1682796767000,USDC,WETH,2100.154316,-1.102752553914052414,2097.212596613635628059932204793395,1904.47,200805,500,1821633217205823221
1682796791000,USDC,WETH,174023.4375,-91.358949314252453698,173762.9968331126616648352894185649,1904.83,200801,500,1821633217205823221
1682796803000,USDC,WETH,-10097.317732,5.3,10088.00925394566469614510402339101,1905.15,200792,500,1821633217205823221
1682796803000,USDC,WETH,450154.313498,-236.160613464211614167,449327.0545936131349173642701267064,1906.14,200791,500,1821633217205823221
1682796815000,USDC,WETH,-82.965874,0.04354860184669445,82.88985466238320124738690056700855,1905.13,200792,500,1821633217205823221
1682796839000,USDC,WETH,-3840.304678,2.015776058006947735,3836.794199363942409519384765467685,1905.12,200792,500,1821633217205823221
1682796911000,USDC,WETH,-392.63457,0.206094861660841128,392.2765719932392143135628509512486,1905.12,200792,500,1821633217205823221
1682796911000,USDC,WETH,-408.680783,0.214517748419788626,408.3083346548098702393263286367996,1905.11,200792,500,1821633217205823221
1682796911000,USDC,WETH,-197.010272,0.103411341790561813,196.8307936170281887549624085505522,1905.11,200792,500,1821633217205823221
1682796911000,USDC,WETH,-1019.394226,0.535084109955817462,1018.466229431964043827264027328473,1905.11,200792,500,1821633217205823221
1682796959000,USDC,WETH,3520.162519,-1.845895024924571551,3515.196695341624914943791398222765,1907.02,200792,500,1821633217205823221
1682796971000,USDC,WETH,-10471.118695,5.496359112923302008,10461.61206976391159353955943056575,1905.10,200792,500,1821633217205823221
1682796995000,USDC,WETH,95.116233,-0.049877792221732915,94.98296019480434381917769716715145,1906.99,200792,500,1821633217205823221
1682797079000,USDC,WETH,-144391.036736,75.804734467536173856,144272.238754244626008365239991295,1904.78,200795,500,1821633217205823221
1682797103000,USDC,WETH,700,-0.367183204725343453,699.1254387131682928886120285479405,1906.41,200795,500,1821633217205823221
1682797103000,USDC,WETH,6000,-3.147307856772305766,5992.525862077350483174360858168155,1906.39,200795,500,1821633217205823221
1682797103000,USDC,WETH,546.789353,-0.286816558413544052,546.1058340302893618960899507204065,1906.41,200795,500,1821633217205823221
1682797115000,USDC,WETH,-19.045029,0.01,19.03072277914276357763227174224718,1904.50,200795,500,1821633217205823221
1682797115000,USDC,WETH,-19.04503,0.01,19.03072327914276357763227174224718,1904.50,200795,500,1821633217205823221
1682797139000,USDC,WETH,-3809.000962,2,3806.142136828552715526454348449435,1904.50,200795,500,1821633217205823221
1682797139000,USDC,WETH,1316.05,-0.690328343914672761,1314.403567493640455983420828987437,1906.41,200795,500,1821633217205823221
1682797163000,USDC,WETH,-6298.556023,3.307232682967259753,6293.86372922408338393008778337029,1904.48,200795,500,1821633217205823221
1682797175000,USDC,WETH,1316.810218,-0.690740507711743105,1315.175570416407172257862652982649,1906.37,200795,500,1821633217205823221
1682797247000,USDC,WETH,-1904.46755,1,1903.054602914276357763227174224718,1904.47,200795,500,1821633217205823221
1682797271000,USDC,WETH,1600,-0.839290193203305097,1598.014596361899512411168245957768,1906.37,200795,500,1821633217205823221
1682797283000,USDC,WETH,45669.308389,-23.954878446088534952,45611.45155119575473462970612468648,1906.47,200794,500,1821633217205823221
1682797331000,USDC,WETH,-285.699214,0.15,285.4727311871414536644840761337077,1904.66,200794,500,1821633217205823221
1682797343000,USDC,WETH,1500,-0.786753145939190719,1498.061277586062811878348627483106,1906.57,200794,500,1821633217205823221
1682797343000,USDC,WETH,25.9588,-0.01361542182661954,25.92522665358849991421123858282416,1906.57,200794,500,1821633217205823221
1682797367000,USDC,WETH,-9785.616901,5.137759889940461324,9777.89756267795081608395883685047,1904.65,200794,500,1821633217205823221
1682797367000,USDC,WETH,-19.046671,0.01,19.03154377914276357763227174224718,1904.67,200794,500,1821633217205823221
1682797391000,USDC,WETH,183.527339,-0.096262371646354639,183.291937405778679927745722570787,1906.53,200794,500,1821633217205823221
1682797391000,USDC,WETH,395.301176,-0.207340250632271901,394.7940167661303309634703408728583,1906.53,200794,500,1821633217205823221
1682797439000,USDC,WETH,-1379.286706,0.724177351636622359,1378.206262039901306300021804898425,1904.63,200794,500,1821633217205823221
1682797451000,USDC,WETH,-1904.618679,1,1903.130167414276357763227174224718,1904.62,200794,500,1821633217205823221
1682797475000,USDC,WETH,-286.205199,0.150269391953469843,285.9818671673730939993333659605153,1904.61,200794,500,1821633217205823221
1682797535000,USDC,WETH,200,-0.104901193440717389,199.7422395964985643462555343240311,1906.56,200794,500,1821633217205823221
1682797535000,USDC,WETH,1500,-0.786757476506975834,1498.065395180109593816680354191146,1906.56,200794,500,1821633217205823221
1682797535000,USDC,WETH,9532.697766,-5,9520.453022571381788816135871123585,1906.54,200794,500,1821633217205823221
1682797535000,USDC,WETH,-952.325751,0.5,951.5732894571381788816135871123585,1904.65,200794,500,1821633217205823221
1682797547000,USDC,WETH,-48.965862,0.0257085,48.92710825443417374355592580855615,1904.66,200794,500,1821633217205823221
1682797583000,USDC,WETH,200,-0.104900811624477433,199.7418765576651782663307205019809,1906.56,200794,500,1821633217205823221
1682797607000,USDC,WETH,-952.327637,0.5,951.5742324571381788816135871123585,1904.66,200794,500,1821633217205823221
1682797631000,USDC,WETH,-730.63606,0.383606617848763815,730.0611157306893407613510305524105,1904.65,200794,500,1821633217205823221
1682797631000,USDC,WETH,-590.44213,0.31,589.9755216534256709066004240096625,1904.65,200794,500,1821633217205823221
1682797643000,USDC,WETH,104.349207,-0.054731837983907336,104.2150494806084764097987828952266,1906.55,200794,500,1821633217205823221
1682797679000,USDC,WETH,251.311885,-0.1318143198652366,250.988404282745634489620137508737,1906.56,200794,500,1821633217205823221
1682797679000,USDC,WETH,1200,-0.629406909748798884,1198.456355444062375472547598970929,1906.56,200794,500,1821633217205823221
1682797691000,USDC,WETH,6097.887383,-3.198349543844561036,6090.017092186554922476329890965895,1906.57,200794,500,1821633217205823221
1682797703000,USDC,WETH,-16936.880655,8.892411453881950613,16923.57494291622949350666154700459,1904.64,200794,500,1821633217205823221
1682797703000,USDC,WETH,73.908098,-0.038766073610673228,73.81383361402491258131535491575595,1906.51,200794,500,1821633217205823221
1682797715000,USDC,WETH,9996.590864,-5.243291841885067231,9983.75281675682568120974618304799,1906.55,200794,500,1821633217205823221
1682797715000,USDC,WETH,3846.015806,-2.017293010732121058,3841.102230161664640344631733575348,1906.52,200794,500,1821633217205823221
1682797715000,USDC,WETH,-857.080515,0.45,856.411886772881512757355212508445,1904.62,200794,500,1821633217205823221
1682797739000,USDC,WETH,50,-0.026225109380835413,49.93551173030572680281611469058729,1906.57,200794,500,1821633217205823221
1682797751000,USDC,WETH,13252.794297,-6.951017674297680003,13235.60438718076442659955291595218,1906.60,200794,500,1821633217205823221
1682797763000,USDC,WETH,-1624.914391,0.853100620544299837,1623.607312046657390644425505034063,1904.72,200794,500,1821633217205823221
1682797835000,USDC,WETH,-32950.33014,17.3,32924.45215093522260156054483643578,1904.64,200795,500,1821633217205823221
1682797847000,USDC,WETH,-6178.422928,3.24401390810123267,6173.703722318138093487741539563905,1904.56,200795,500,1821633217205823221
1682797931000,USDC,WETH,100,-0.052453974257032422,99.87459428265388211633291726384305,1906.43,200795,500,1821633217205823221
1682797931000,USDC,WETH,-5027.97935,2.64,5024.16990006757154150981724671621,1904.54,200795,500,1821633217205823221
1682797955000,USDC,WETH,-3237.685174,1.7,3235.246519808663492638897469476349,1904.52,200795,500,1821633217205823221
1682797991000,USDC,WETH,-9522.469444,5,9515.363936143127919526169027871615,1904.49,200795,500,1821633217205823221
1682798003000,USDC,WETH,100,-0.052455439079346773,99.8759870735655190838370057771628,1906.38,200795,500,1821633217205823221
1682798027000,USDC,WETH,-5422.325588,2.847167847917469692,5418.323562670692186862201909497515,1904.46,200795,500,1821633217205823221
1682798039000,USDC,WETH,-98144.807101,51.54,98077.9674898873625944757503393006,1904.25,200797,500,1821633217205823221
1682798039000,USDC,WETH,-23700,12.447652290718510339,23685.54948056009952571132721013846,1903.97,200798,500,1821633217205823221
1682798039000,USDC,WETH,-3808.062527,2,3805.682949157251167810467611148645,1904.03,200798,500,1821633217205823221
1682798039000,USDC,WETH,-148744.624712,78.1380883584,148668.0260763932968640179520321771,1903.61,200801,500,1821633217205823221
1682798099000,USDC,WETH,115.248972,-0.060491561814137766,115.1414262459474445905284227002139,1905.21,200801,500,1821633217205823221
1682798111000,USDC,WETH,-533.908343,0.280516911162709472,533.676899983965922023268159115396,1903.30,200801,500,1821633217205823221
1682798123000,USDC,WETH,-95.165024,0.05,95.12380414143127919526169027871615,1903.30,200801,500,1821633217205823221
1682798135000,USDC,WETH,188.799939,-0.099096893543145625,188.6238568248600234946250872321796,1905.21,200801,500,1821633217205823221
1682798147000,USDC,WETH,9078,-4.764784986546147662,9069.480700729922264237174612943405,1905.23,200801,500,1821633217205823221
1682798147000,USDC,WETH,715.492719,-0.375545862322773629,714.8250705638542210197234606252855,1905.21,200801,500,1821633217205823221
1682798183000,USDC,WETH,-1654.693185,0.869363692530223569,1653.960058174655932791536751800245,1903.34,200801,500,1821633217205823221
1682798183000,USDC,WETH,5555,-2.915626141346152877,5549.75268321862923655656711407401,1905.25,200801,500,1821633217205823221
1682798183000,USDC,WETH,-4764.304148,2.50311775587952012,4762.181123933442580704166889150706,1903.35,200801,500,1821633217205823221
1682798231000,USDC,WETH,16575.715471,-8.699896680126374441,16559.94432890312161075602643670414,1905.28,200801,500,1821633217205823221
1682798231000,USDC,WETH,-343.001357,0.180203977956526405,342.8432777215852848856305837432369,1903.41,200801,500,1821633217205823221
1682798243000,USDC,WETH,5000,-2.62423021857809644,4995.185909355866887491236981091811,1905.32,200801,500,1821633217205823221
1682798267000,USDC,WETH,9176.133635,-4.815982957290283515,9167.22787191383055163091048786113,1905.35,200800,500,1821633217205823221
1682798279000,USDC,WETH,5214.304148,-2.736655725694300314,5209.235060915067079310955342582345,1905.36,200800,500,1821633217205823221
1682798279000,USDC,WETH,-5710.357061,2.999999884200771584,5707.655948880977794167971882739425,1903.45,200801,500,1821633217205823221
1682798279000,USDC,WETH,509.750207,-0.267533704184217399,509.253063266022703359202192803193,1905.37,200800,500,1821633217205823221
1682798339000,USDC,WETH,-5520.51083,2.900261375539679853,5517.898881820825076423525025965485,1903.45,200801,500,1821633217205823221
1682798339000,USDC,WETH,25664.904792,-13.46956523673667148,25639.66311475530135148894938127721,1905.40,200800,500,1821633217205823221
1682798363000,USDC,WETH,-186.031232,0.097728696804723328,185.9385865078942663767536009400591,1903.55,200800,500,1821633217205823221
1682798387000,USDC,WETH,2000,-1.049617291878166875,1998.003246197557521697959997291651,1905.46,200800,500,1821633217205823221
1682798387000,USDC,WETH,-1241.900535,0.652411848208497884,1241.280312944226340777977652839322,1903.55,200800,500,1821633217205823221
1682798399000,USDC,WETH,-377.378716,0.19825,377.1905813407750220092126019551095,1903.55,200800,500,1821633217205823221
1682798411000,USDC,WETH,500,-0.26241176683010673,499.5085647985134876204918316014649,1905.40,200800,500,1821633217205823221
1682798411000,USDC,WETH,-303.048855,0.159202089843100544,302.8978887551446472946307284436723,1903.55,200800,500,1821633217205823221
1682798411000,USDC,WETH,-12313.64003,6.468871942881169475,12307.60728277762780898990854196757,1903.52,200800,500,1821633217205823221
1682798423000,USDC,WETH,6487.315531,-3.404669891107090283,6480.91464770692273003986646786821,1905.42,200800,500,1821633217205823221
1682798435000,USDC,WETH,196.219461,-0.102979053916425752,196.0251412964651532277083173263822,1905.43,200800,500,1821633217205823221
1682798471000,USDC,WETH,100,-0.052481553171828323,99.90095211232503196288220718394195,1905.43,200800,500,1821633217205823221
1682798495000,USDC,WETH,-964.986537,0.506947221919285202,964.5130929066025173521327216766025,1903.52,200800,500,1821633217205823221
1682798507000,USDC,WETH,-6347.412164,3.334583992635057545,6344.32330032442294774166801512957,1903.51,200800,500,1821633217205823221
1682798531000,USDC,WETH,7782.565786,-4.08451691350726656,7774.9576431656902898050155147029,1905.38,200800,500,1821633217205823221
1682798531000,USDC,WETH,-8452.968153,4.4408,8448.922909719710900295722787010805,1903.48,200800,500,1821633217205823221
1682798543000,USDC,WETH,1847.722178,-0.969728152687853064,1845.9061731234921523826316518904,1905.40,200800,500,1821633217205823221
1682798555000,USDC,WETH,990.826107,-0.520007284676331269,989.850756700882330858030091943014,1905.41,200800,500,1821633217205823221
1682798591000,USDC,WETH,-10144.115018,5.329235309662120198,10139.24588111381001642102062173942,1903.48,200800,500,1821633217205823221
1682798627000,USDC,WETH,-380.692456,0.2,380.5119113552382859077518819586923,1903.46,200800,500,1821633217205823221
1682798711000,USDC,WETH,300,-0.157449981583084625,299.7079167100848526685297964563732,1905.37,200800,500,1821633217205823221
1682798711000,USDC,WETH,868.11866,-0.455616975415874325,867.272897391032717164992494373099,1905.37,200800,500,1821633217205823221
1682798759000,USDC,WETH,4956.25,-2.601185048191026612,4951.405661113375039952046324272283,1905.38,200800,500,1821633217205823221
1682798759000,USDC,WETH,991.25,-0.520233631960777718,990.2779206309941382198115813956765,1905.39,200800,500,1821633217205823221
1682798759000,USDC,WETH,7544.649997,-3.95959051336934934,7537.216177409005476863110957021465,1905.41,200800,500,1821633217205823221
1682798819000,USDC,WETH,4000,-2.099257415033149264,3996.033604341649516125106719522266,1905.44,200800,500,1821633217205823221
1682798939000,USDC,WETH,-4556.019619,2.393458809822030704,4553.778460262108911325584567564314,1903.53,200800,500,1821633217205823221
1682798939000,USDC,WETH,4000,-2.099259973858882328,3996.036037345870091545657031032416,1905.43,200800,500,1821633217205823221
1682799011000,USDC,WETH,-498.726403,0.262,498.4802466953621545391549653658869,1903.54,200800,500,1821633217205823221
1682799011000,USDC,WETH,50,-0.026240633659742379,49.95034015789688414499998923099884,1905.44,200800,500,1821633217205823221
1682799023000,USDC,WETH,-2284.236128,1.2,2283.112164131429715446511291752154,1903.53,200800,500,1821633217205823221
1682799071000,USDC,WETH,16148.875813,-8.475036338341007256,16132.74329020547056791682598295675,1905.46,200800,500,1821633217205823221
1682799071000,USDC,WETH,490.726289,-0.257531708667186257,490.2316113216880850222215295946262,1905.50,200800,500,1821633217205823221
1682799131000,USDC,WETH,101000,-52.998584581285521246,100892.5602688027825397473878778449,1905.71,200798,500,1821633217205823221
1682799143000,USDC,WETH,-132.115031,0.0693875,132.0331222690579828171206685470438,1904.02,200798,500,1821633217205823221
1682799155000,USDC,WETH,-1950,1.024152472588928843,1948.793274049153002690858477898012,1904.01,200798,500,1821633217205823221
1682799179000,USDC,WETH,100,-0.052468239179750345,99.8882927903165573861154857221775,1905.91,200798,500,1821633217205823221
1682799191000,USDC,WETH,-481.367689,0.252818011966919907,481.0703945510106736934280582553312,1904.01,200798,500,1821633217205823221
1682799215000,USDC,WETH,-628.322096,0.33,627.9344255361431717477906052318425,1904.01,200798,500,1821633217205823221
1682799227000,USDC,WETH,-1777.135846,0.933369029750116639,1776.041719825233321164561718529756,1904.00,200798,500,1821633217205823221
1682799275000,USDC,WETH,-493.169243,0.2590179315783192,492.8662312992571234663353532091953,1904.00,200798,500,1821633217205823221
1682799275000,USDC,WETH,-247.519346,0.13,247.36736718090488584003872327315,1903.99,200798,500,1821633217205823221
1682799323000,USDC,WETH,-30.46391,0.016,30.44520966841906287262015055669539,1903.99,200798,500,1821633217205823221
1682799335000,USDC,WETH,-4159.245166,2.184494031584202253,4156.682129722258810429619756183106,1903.99,200798,500,1821633217205823221
1682799335000,USDC,WETH,35000,-18.363489790392099968,34960.36438131620530076874439790506,1905.96,200797,500,1821633217205823221
1682799395000,USDC,WETH,3139.737474,-1.647260365067847824,3136.116031674508256393716011935197,1906.04,200797,500,1821633217205823221
1682799419000,USDC,WETH,9530.310463,-5,9519.25278610848844487597013648902,1906.06,200797,500,1821633217205823221
1682799419000,USDC,WETH,-114.248204,0.06,114.1732726553018613385116416378683,1904.14,200797,500,1821633217205823221
1682799431000,USDC,WETH,-9437.476603,4.95625,9431.23750250566417098330539779474,1904.16,200797,500,1821633217205823221
1682799431000,USDC,WETH,-26651.383154,13.996980487483409355,26634.2937184895209839948591624588,1904.08,200797,500,1821633217205823221
1682799443000,USDC,WETH,-152.321968,0.08,152.2265448737358151180155221838243,1904.02,200797,500,1821633217205823221
1682799455000,USDC,WETH,1010.143886,-0.53,1009.006283788499775156852834467836,1905.93,200797,500,1821633217205823221
1682799467000,USDC,WETH,-399.737085,0.20994289553241519,399.4863437516160817013445674758989,1904.03,200797,500,1821633217205823221
1682799503000,USDC,WETH,6989.08834,-3.666989893119408874,6981.189706730604827049884649023945,1905.95,200797,500,1821633217205823221
1682799527000,USDC,WETH,-14001.00557,7.353365874367407937,13992.22652929432070722194770930434,1904.03,200798,500,1821633217205823221
1682799539000,USDC,WETH,100,-0.052468566978733961,99.8881371934821621465183801593183,1905.90,200798,500,1821633217205823221
1682799563000,USDC,WETH,1970.190384,-1.033728301494541805,1967.984230052957493220387341754028,1905.91,200798,500,1821633217205823221
1682799587000,USDC,WETH,-1332.802289,0.7,1331.974802145188382282635819108463,1904.00,200798,500,1821633217205823221
1682799599000,USDC,WETH,21740.363531,-11.406568928478678109,21715.77927847109476556307660223444,1905.95,200797,500,1821633217205823221
1682799599000,USDC,WETH,-95.200013,0.05,95.1409820460848844487597013648902,1904.00,200798,500,1821633217205823221
1682799623000,USDC,WETH,120.025407,-0.062972501725172472,119.8932212161241966939817078096338,1906.00,200797,500,1821633217205823221
1682799647000,USDC,WETH,-4165.500343,2.187667305683940445,4163.001825256798546456072158636223,1904.08,200797,500,1821633217205823221
1682799659000,USDC,WETH,2800,-1.469074625289626416,2796.942263940571705464296692168132,1905.96,200797,500,1821633217205823221
1682799659000,USDC,WETH,-5712.187062,3,5708.791902939749698555269378078565,1904.06,200797,500,1821633217205823221
1682799671000,USDC,WETH,54.018907,-0.028341983950640403,53.95983065784479763965203814254435,1905.97,200797,500,1821633217205823221
1682799683000,USDC,WETH,4046.237086,-2.122920949026687112,4041.8029213484062272778633848395,1905.98,200797,500,1821633217205823221
1682799707000,USDC,WETH,-533.141779,0.28,532.822737547709971865158475287333,1904.08,200797,500,1821633217205823221
1682799707000,USDC,WETH,-100.916193,0.053,100.855767737602244674476425679388,1904.08,200797,500,1821633217205823221
1682799719000,USDC,WETH,85.02357,-0.044609813032372883,84.93123200332891731615097905377535,1905.94,200797,500,1821633217205823221
1682799719000,USDC,WETH,-10377.099038,5.45,10370.95156135721195237540603684273,1904.05,200797,500,1821633217205823221
1682799743000,USDC,WETH,-10000,5.252066549674284418,9994.187231858349898889301861615495,1904.01,200798,500,1821633217205823221
1682799803000,USDC,WETH,3000,-1.574056894658678412,2996.769846911116666396534431904508,1905.90,200798,500,1821633217205823221
1682799803000,USDC,WETH,1081.560461,-0.567476679646771686,1080.393497214040160898774122525001,1905.91,200798,500,1821633217205823221
1682799827000,USDC,WETH,-2856.00385,1.5,2854.351110969874849277634689039283,1904.00,200798,500,1821633217205823221
1682799839000,USDC,WETH,1750,-0.918198642257790314,1748.114590628695696027664856255964,1905.91,200798,500,1821633217205823221
1682799875000,USDC,WETH,-119.381029,0.0627,119.311910473540768699805130001842,1904.00,200798,500,1821633217205823221
1682799887000,USDC,WETH,326,-0.171046943501877415,325.6484457510253502689601527065992,1905.91,200798,500,1821633217205823221
1682799899000,USDC,WETH,534.750495,-0.280574695645978029,534.1735733255907672285450211411035,1905.91,200798,500,1821633217205823221
1682799899000,USDC,WETH,-1937.143886,1.017405921992002599,1936.022682089481932565132194461138,1904.00,200798,500,1821633217205823221
1682799911000,USDC,WETH,8980,-4.711627445101049371,8970.283980608801980760239936019835,1905.92,200797,500,1821633217205823221
1682799935000,USDC,WETH,1000.01734,-0.524683441341146964,998.9298696325450351038932888514125,1905.94,200797,500,1821633217205823221
1682799971000,USDC,WETH,-199.924238,0.105,199.8065620178912394494344282327498,1904.04,200797,500,1821633217205823221
1682799983000,USDC,WETH,-339.7282,0.178425,339.5283356711166133215746462612227,1904.04,200797,500,1821633217205823221
1682799995000,USDC,WETH,-10000,5.252052509606230624,9994.173881165256905078004920822455,1904.02,200798,500,1821633217205823221
1682800007000,USDC,WETH,194085.944934,-101.812386327634416715,193856.3153737145107356675812880559,1906.31,200793,500,1821633217205823221
1682800019000,USDC,WETH,89908.753342,-47.149007386014286199,89788.3422072193959669340589054832,1906.91,200791,500,1821633217205823221
1682800019000,USDC,WETH,-2814.542026,1.477307936874925319,2812.042328458923325536491113547291,1905.18,200791,500,1821633217205823221
1682800043000,USDC,WETH,-4091.182091,2.147412169120450584,4087.564111744505274122553081854593,1905.17,200792,500,1821633217205823221
1682800055000,USDC,WETH,990.870548,-0.519577817865529802,989.5015390403348869774962766097035,1907.07,200792,500,1821633217205823221
1682800091000,USDC,WETH,-564.937109,0.2965295545496293,564.4383469985822340882042473412125,1905.16,200792,500,1821633217205823221
1682800091000,USDC,WETH,-190.516132,0.1,190.3480117313249899518423126026189,1905.16,200792,500,1821633217205823221
1682800139000,USDC,WETH,7400,-3.880271456661568342,7389.74802236757901307963191270578,1907.08,200791,500,1821633217205823221
1682800199000,USDC,WETH,70.624854,-0.037032614400919029,70.52671993672474771705964806407495,1907.10,200791,500,1821633217205823221
1682800211000,USDC,WETH,-206,0.108125592906608232,205.8165676165671506338949769846475,1905.19,200791,500,1821633217205823221
1682800223000,USDC,WETH,70849.932888,-37.147749657653478636,70748.74143387115757672898991408465,1907.25,200790,500,1821633217205823221
1682800331000,USDC,WETH,5510,-2.88873776127671095,5501.89916951831688255595842661066,1907.41,200790,500,1821633217205823221
1682800379000,USDC,WETH,-2858.259165,1.5,2855.478768469874849277634689039283,1905.51,200790,500,1821633217205823221
1682800415000,USDC,WETH,1068.277844,-0.560067445790350886,1066.706752260862664454236208246197,1907.41,200790,500,1821633217205823221
1682800415000,USDC,WETH,-228.660493,0.12,228.4381813775899879422107751231426,1905.50,200790,500,1821633217205823221
1682800439000,USDC,WETH,-952.750814,0.5,951.825135656624949759211563013094,1905.50,200790,500,1821633217205823221
1682800475000,USDC,WETH,-2312.069591,1.213369686637932123,2309.827372044357743781590004070859,1905.49,200790,500,1821633217205823221
1682800475000,USDC,WETH,-749.058143,0.393105603846123067,748.33297686407582687040171728364,1905.49,200790,500,1821633217205823221
1682800499000,USDC,WETH,2750,-1.441753578367021177,2745.962695248636547470597254682586,1907.40,200790,500,1821633217205823221
1682800499000,USDC,WETH,-381.061392,0.19998,380.6915694735037149056942567427172,1905.50,200790,500,1821633217205823221
1682800511000,USDC,WETH,1000,-0.524272302444889543,998.530247879213484924832139333333,1907.41,200790,500,1821633217205823221
1682800523000,USDC,WETH,2700,-1.415529444828464378,2696.026180898312691541928484503686,1907.41,200790,500,1821633217205823221
1682800535000,USDC,WETH,369.132979,-0.193528651574399598,368.5927792566616034988348795839739,1907.38,200790,500,1821633217205823221
1682800535000,USDC,WETH,392,-0.205517522061500531,391.4265001966447186681520163644757,1907.38,200790,500,1821633217205823221
1682800535000,USDC,WETH,-9527.461178,4.999999999999999988,9518.227875566249486181322142371945,1905.49,200790,500,1821633217205823221
1682800595000,USDC,WETH,-6002.207837,3.15,5996.437209036737183483032846982495,1905.46,200790,500,1821633217205823221
1682800607000,USDC,WETH,-27.057391,0.0142,27.03146779384814857316160838957188,1905.45,200790,500,1821633217205823221
1682800667000,USDC,WETH,3000,-1.572851931703594734,2995.624048291045027072168201572539,1907.36,200790,500,1821633217205823221
1682800679000,USDC,WETH,15000,-7.864103661735981063,14977.97190419988575201024222736183,1907.40,200790,500,1821633217205823221
1682800763000,USDC,WETH,-134034.576689,70.350344261742051328,133915.3771651616481315502450582475,1905.24,200793,500,1821633217205823221
1682800763000,USDC,WETH,219.076857,-0.114888235079022898,218.788829978777487482252495454753,1906.87,200793,500,1821633217205823221
1682800811000,USDC,WETH,-376576.495318,197.763845369185665785,376347.3599754998398712742646174155,1904.17,200801,500,1821633217205823221
1682800823000,USDC,WETH,-1169.943172,0.61466551448305742,1169.474030364684203438486275319721,1903.38,200801,500,1821633217205823221
1682800835000,USDC,WETH,-113.108998,0.059425363337899254,113.0637211864335860659913714997445,1903.38,200801,500,1821633217205823221
1682800871000,USDC,WETH,25000,-13.121047155172091055,24977.16677463571691649442043704731,1905.34,200800,500,1821633217205823221
1682800931000,USDC,WETH,15000,-7.872284540725790425,14985.9731811347154302069158235809,1905.42,200800,500,1821633217205823221
1682800967000,USDC,WETH,130,-0.06822444549785018,129.8765128664425504005017127479936,1905.48,200800,500,1821633217205823221
1682800967000,USDC,WETH,6000,-3.148841631915864676,5994.32063033501389739923314817944,1905.46,200800,500,1821633217205823221
1682800967000,USDC,WETH,-363.927593,0.191181630595794694,363.763698670936343977458854046814,1903.57,200800,500,1821633217205823221
1682800991000,USDC,WETH,60,-0.03148822411433844,59.9430235304686572319232603289909,1905.47,200800,500,1821633217205823221
1682801051000,USDC,WETH,-442.063809,0.232229006371953119,441.8648920004398052501364369559918,1903.57,200800,500,1821633217205823221
1682801075000,USDC,WETH,15198.372259,-7.976037383206409579,15183.82075919622818178313106493683,1905.50,200800,500,1821633217205823221
1682801087000,USDC,WETH,903.12414,-0.473947154725808187,902.2515326582437268750851643608005,1905.54,200800,500,1821633217205823221
1682801135000,USDC,WETH,-555.099468,0.2916,554.840242025466800998032420438456,1903.63,200800,500,1821633217205823221
1682801171000,USDC,WETH,100,-0.052478633878245579,99.90338494026471082061047497286075,1905.54,200800,500,1821633217205823221
1682801195000,USDC,WETH,-456.871585,0.24,456.6584328501784370354176299904988,1903.63,200800,500,1821633217205823221
1682801207000,USDC,WETH,-1685.550814,0.885441675663138996,1684.766394899699643432535990749307,1903.63,200800,500,1821633217205823221
1682801279000,USDC,WETH,-95.181172,0.05,95.13696940628717438237867291468725,1903.62,200800,500,1821633217205823221
1682801363000,USDC,WETH,3250.65,-1.705898810404897515,3247.530872751341098246677526369808,1905.54,200800,500,1821633217205823221
1682801363000,USDC,WETH,281.184779,-0.147672667364911,281.0201023180628152728433198757008,1904.11,200807,500,1821633217205823221
1682801363000,USDC,WETH,-380109.908902,199.758576059350169749,380013.1942008768842937113106027135,1902.85,200808,500,1821633217205823221
1682801363000,USDC,WETH,35549.065638,-18.670394541112147259,35528.9409271737724584033602766167,1904.03,200807,500,1821633217205823221
1682801423000,USDC,WETH,250124.251327,-131.324385344094856416,249943.6179544094582321405627736363,1904.63,200802,500,1821633217205823221
1682801447000,USDC,WETH,500,-0.262446471534859845,499.5706104078159204758569617872006,1905.15,200802,500,1821633217205823221
1682801459000,USDC,WETH,-1237.108724,0.65,1236.664774444745385493198105195033,1903.24,200802,500,1821633217205823221
1682801483000,USDC,WETH,-185.334395,0.0973783,185.2690533225772518372550160178502,1903.24,200802,500,1821633217205823221
1682801507000,USDC,WETH,2500,-1.312232137506647902,2497.866631509720091640576748201024,1905.15,200802,500,1821633217205823221
1682801555000,USDC,WETH,-290.875894,0.15283026942661551,290.7718311894866271054607867107594,1903.26,200802,500,1821633217205823221
1682801555000,USDC,WETH,-29251.319381,15.372105020297761388,29243.75687210133478841157156155388,1902.88,200804,500,1821633217205823221
1682801555000,USDC,WETH,2500,-1.312224974769851221,2497.859820107999776921659880272385,1905.16,200802,500,1821633217205823221
1682801555000,USDC,WETH,-76124.086842,40,76100.0275807469875063561454730059,1903.10,200803,500,1821633217205823221
1682801567000,USDC,WETH,-5436.469766,2.857072862813679211,5435.1208557188850855110427714046,1902.81,200804,500,1821633217205823221
1682801591000,USDC,WETH,-106.556772,0.056,106.5306556402018815730922280971735,1902.80,200804,500,1821633217205823221
1682801615000,USDC,WETH,2000,-1.050029893910599284,1998.508482871425157363133480784237,1904.71,200804,500,1821633217205823221
1682801627000,USDC,WETH,6306.792026,-3.31113005010232594,6302.060124461146905201322628495375,1904.72,200804,500,1821633217205823221
1682801651000,USDC,WETH,-1833.826158,0.96373620597100778,1833.362012971307944721520746419207,1902.83,200804,500,1821633217205823221
1682801675000,USDC,WETH,-585.302393,0.307596549209034216,585.155024694198515529465411031564,1902.82,200804,500,1821633217205823221
1682801699000,USDC,WETH,2000,-1.050016397080669027,1998.495648285233478918137845810123,1904.73,200804,500,1821633217205823221
1682801711000,USDC,WETH,7500,-3.937520648206247895,7494.31984414538585892438240697207,1904.75,200804,500,1821633217205823221
1682801723000,USDC,WETH,-565.8636,0.297375,565.7156157902684737999696666142315,1902.86,200804,500,1821633217205823221
1682801723000,USDC,WETH,-1332.00067,0.7,1331.653705502523519663652851214669,1902.86,200804,500,1821633217205823221
1682801735000,USDC,WETH,-667.053388,0.350554171538688615,666.880359469211254385400389859833,1902.85,200804,500,1821633217205823221
1682801747000,USDC,WETH,7500,-3.937478227649806639,7494.279505021994838080437163250455,1904.77,200803,500,1821633217205823221
1682801783000,USDC,WETH,1500,-0.787487907482338285,1498.848542636568414072657300606217,1904.79,200803,500,1821633217205823221
1682801807000,USDC,WETH,200,-0.104998192782106927,199.8462870315474472186873045750698,1904.79,200803,500,1821633217205823221
1682801831000,USDC,WETH,-25307.747814,13.3,25301.28794654794687360940417307871,1902.84,200804,500,1821633217205823221
1682801855000,USDC,WETH,1300,-0.682524871175143962,1299.035687070764627230523608423073,1904.69,200804,500,1821633217205823221
1682801867000,USDC,WETH,5000,-2.625077601792652847,4996.273933519943778126727488727526,1904.71,200804,500,1821633217205823221
1682801915000,USDC,WETH,-2828.696006,1.486585839755919904,2827.992109821217728605669117670845,1902.81,200804,500,1821633217205823221
1682801915000,USDC,WETH,1900,-0.997521973774654668,1898.576948562041076490720912597101,1904.72,200804,500,1821633217205823221
1682801951000,USDC,WETH,-9990.369298,5.25,9987.584927768926397477396384110015,1902.93,200803,500,1821633217205823221
1682801951000,USDC,WETH,16528.12175,-8.677007219316684443,16515.31673416125757815352647545529,1904.82,200803,500,1821633217205823221
1682801951000,USDC,WETH,-1708.708067,0.897947986101202197,1708.242752763169122764169784836434,1902.90,200803,500,1821633217205823221
1682801951000,USDC,WETH,10252.26866,-5.382521463275030848,10244.55369261599878745040177485306,1904.73,200804,500,1821633217205823221
1682801951000,USDC,WETH,7000,-3.674985683615394769,6994.666581210154360441664398566455,1904.77,200804,500,1821633217205823221
1682801975000,USDC,WETH,-761.159213,0.4,760.952961072870582664944486408382,1902.90,200803,500,1821633217205823221
1682801999000,USDC,WETH,-4740.315364,2.491118161597098694,4739.04511141022684906788735222249,1902.89,200804,500,1821633217205823221
1682802011000,USDC,WETH,-477.571273,0.250973440228456384,477.4446599209794549047334074463781,1902.88,200804,500,1821633217205823221
1682802023000,USDC,WETH,2000.022384,-1.05,1998.491247753785279495479276822004,1904.78,200803,500,1821633217205823221
1682802035000,USDC,WETH,2000,-1.049983663586759822,1998.464520913020641585507856610615,1904.79,200803,500,1821633217205823221
1682802059000,USDC,WETH,-47.738674,0.0250874416614024,47.72582285599705138447498958759568,1902.89,200803,500,1821633217205823221
1682802071000,USDC,WETH,10257.035847,-5.384788539424126108,10249.09312451575756081585187524118,1904.82,200803,500,1821633217205823221
1682802083000,USDC,WETH,-380.586602,0.2,380.4799782864352913324722432041911,1902.93,200803,500,1821633217205823221
1682802095000,USDC,WETH,-2546.875765,1.338253750510265442,2546.028053378287708530488703875418,1903.13,200802,500,1821633217205823221
1682802095000,USDC,WETH,102148.4375,-53.62598214031865274,102068.9555474446305154483584326474,1904.83,200802,500,1821633217205823221
1682802095000,USDC,WETH,-52368.698742,27.521576478943757555,52355.53529207412247977132785685005,1902.82,200804,500,1821633217205823221
1682802107000,USDC,WETH,885.193716,-0.464651844076684283,884.449809599797016440865604126853,1905.07,200802,500,1821633217205823221
1682802107000,USDC,WETH,8173.667582,-4.290526703076462333,8166.83887833418157097197781051354,1905.05,200802,500,1821633217205823221
1682802131000,USDC,WETH,-100,0.052543765141737168,99.96562052212907332694610712331715,1903.18,200802,500,1821633217205823221
1682802131000,USDC,WETH,2303.054252,-1.208904515381079459,2301.114790684479040182442048906053,1905.08,200802,500,1821633217205823221
1682802155000,USDC,WETH,-10000,5.254207409905467578,9996.401245318440964842826590134245,1903.24,200802,500,1821633217205823221
1682802155000,USDC,WETH,-4015.767811,2.11,4014.353350871892323557582165804216,1903.21,200802,500,1821633217205823221
1682802155000,USDC,WETH,19792.819043,-10.389271703015707129,19775.91484461271142327617225212674,1905.12,200802,500,1821633217205823221
1682802167000,USDC,WETH,55162.965026,-28.953616068495156631,55114.4426904711784197618249592828,1905.22,200801,500,1821633217205823221
1682802167000,USDC,WETH,1000,-0.52484200076977084,999.0897811338371475255280594120795,1905.34,200801,500,1821633217205823221
1682802179000,USDC,WETH,2500,-1.312099988733206025,2497.719685623688179906291703480756,1905.34,200801,500,1821633217205823221
1682802227000,USDC,WETH,-66.620497,0.035,66.59291702512617598318264256073345,1903.44,200801,500,1821633217205823221
1682802251000,USDC,WETH,89687.5,-47.066847492541753387,89601.18667476952267027131413225245,1905.53,200799,500,1821633217205823221
1682802263000,USDC,WETH,-1903.813114,1,1902.839943432176456662361216020956,1903.81,200799,500,1821633217205823221
1682802299000,USDC,WETH,-1903.851815,1,1902.859293932176456662361216020956,1903.85,200798,500,1821633217205823221
1682802299000,USDC,WETH,-76.152358,0.04,76.1135144572870582664944486408382,1903.81,200799,500,1821633217205823221
1682802299000,USDC,WETH,10200,-5.352264354324095308,10189.64686753763833639520099981339,1905.74,200798,500,1821633217205823221
1682802299000,USDC,WETH,1000,-0.524725320099032969,998.9788255884812060982263726673585,1905.76,200798,500,1821633217205823221
1682802323000,USDC,WETH,1000,-0.524726366970077899,998.979821093109119174278132938305,1905.76,200798,500,1821633217205823221
1682802323000,USDC,WETH,500,-0.262362749604660531,499.4894979552170036087244652374026,1905.76,200798,500,1821633217205823221
1682802359000,USDC,WETH,1002.12,-0.525837046440602176,1001.096003283255466615148864438833,1905.76,200798,500,1821633217205823221
1682802359000,USDC,WETH,400.210536,-0.21,399.8012791507570558990958553644007,1905.76,200798,500,1821633217205823221
1682802371000,USDC,WETH,-5711.544021,3,5708.572169796529369987083648062865,1903.85,200798,500,1821633217205823221
1682802371000,USDC,WETH,5371.462369,-2.81855182641760765,5365.98621762989163389439116533954,1905.75,200798,500,1821633217205823221
1682802407000,USDC,WETH,136132.8125,-71.421432451600827851,135983.4308750377179554375576419122,1906.05,200795,500,1821633217205823221
1682802407000,USDC,WETH,-5713.254261,3,5709.427289796529369987083648062865,1904.42,200795,500,1821633217205823221
1682802431000,USDC,WETH,-5713.182263,3,5709.391290796529369987083648062865,1904.39,200796,500,1821633217205823221
1682802443000,USDC,WETH,-4760.930222,2.5,4757.798577080441141655903040052389,1904.37,200796,500,1821633217205823221
1682802479000,USDC,WETH,-5236.936742,2.75,5233.53518368848525582149334405763,1904.34,200796,500,1821633217205823221
1682802479000,USDC,WETH,-2489.24252,1.307130282014029783,2487.615085583647174729931574988017,1904.36,200796,500,1821633217205823221
1682802527000,USDC,WETH,14133.199121,-7.414218560470776778,14117.0275239567722219382831290417,1906.23,200796,500,1821633217205823221
1682802527000,USDC,WETH,-8561.488174,4.495844029092590522,8555.99227445589755479683687780747,1904.31,200796,500,1821633217205823221
1682802539000,USDC,WETH,16.846807,-0.008837628008783561,16.82739903042040416100366429867855,1906.26,200796,500,1821633217205823221
1682802539000,USDC,WETH,14101.731199,-7.397480094105476319,14085.37639645233597247034129035986,1906.29,200795,500,1821633217205823221
1682802563000,USDC,WETH,138.36296,-0.072581242496093655,138.2014067182653353243791797020111,1906.32,200795,500,1821633217205823221
1682802575000,USDC,WETH,-1157.997931,0.608061114214017599,1157.224579997258181855841664483303,1904.41,200795,500,1821633217205823221
1682802599000,USDC,WETH,-208.211581,0.109331419067825994,208.0726870776032014278364373946592,1904.41,200795,500,1821633217205823221
1682802611000,USDC,WETH,83017.836602,-43.54491710617462504,82917.2337866830456771703748528936,1906.49,200794,500,1821633217205823221
1682802647000,USDC,WETH,-28570.435335,15,28549.21846398264684993541824031434,1904.70,200794,500,1821633217205823221
1682802659000,USDC,WETH,5000,-2.62253499672091459,4993.856085468716090441383698070471,1906.55,200794,500,1821633217205823221
1682802695000,USDC,WETH,762.625073,-0.4,761.685891072870582664944486408382,1906.56,200794,500,1821633217205823221
1682802695000,USDC,WETH,-399.977724,0.21,399.6848731507570558990958553644007,1904.66,200794,500,1821633217205823221
1682802707000,USDC,WETH,288.278967,-0.151203333490040455,287.9237814555178880533936489754128,1906.56,200794,500,1821633217205823221
1682802719000,USDC,WETH,-5560.08537,2.9192198096940583,5556.026264372264556872554343332805,1904.65,200794,500,1821633217205823221
1682802719000,USDC,WETH,35.649095,-0.018698298305950791,35.60538362859681394248997016822884,1906.54,200794,500,1821633217205823221
1682802755000,USDC,WETH,-2476.020294,1.3,2474.223549361829393661069580827242,1904.63,200794,500,1821633217205823221
1682802815000,USDC,WETH,-6699.864919,3.517707296289192853,6695.037771237457669795888458685965,1904.61,200794,500,1821633217205823221
1682802815000,USDC,WETH,-110.435676,0.057982880789665535,110.3556951844098369718052537698849,1904.63,200794,500,1821633217205823221
1682802863000,USDC,WETH,-952.297592,0.5,951.615489216088228331180608010478,1904.60,200795,500,1821633217205823221
1682802887000,USDC,WETH,757.726608,-0.397446129114631615,756.8080974833366835895312004994455,1906.49,200795,500,1821633217205823221
1682802887000,USDC,WETH,-2845.538147,1.494044555128767872,2843.5059217891537804602192828922,1904.59,200795,500,1821633217205823221
1682802911000,USDC,WETH,-1167.431794,0.612959598873196172,1166.599644102596928000398572289094,1904.58,200795,500,1821633217205823221
1682802935000,USDC,WETH,19875.870698,-10.425169805631297312,19851.57737639944436717402949666538,1906.53,200794,500,1821633217205823221
1682802959000,USDC,WETH,3000,-1.57350192500269389,2996.295514100360246438280224289153,1906.58,200794,500,1821633217205823221
1682802971000,USDC,WETH,-10.283022,0.005398831345199942,10.27543997386716349394981203986424,1904.68,200794,500,1821633217205823221
1682803019000,USDC,WETH,-4287.711086,2.251120457250905837,4284.521142680353401880424952898733,1904.70,200794,500,1821633217205823221
1682803019000,USDC,WETH,-1816.829963,0.95385987570250432,1815.472183283557342930736134526198,1904.71,200794,500,1821633217205823221
1682803019000,USDC,WETH,10000,-5.244931379092132921,9987.58035792446742338187013548064,1906.60,200794,500,1821633217205823221
1682803103000,USDC,WETH,1907,-1.00020875373632999,1904.631897329595103716489479924316,1906.60,200794,500,1821633217205823221
1682803127000,USDC,WETH,10000,-5.244864324443427019,9987.51659342029750003434550736934,1906.63,200794,500,1821633217205823221
1682803151000,USDC,WETH,4080.434574,-2.140099357536161287,4075.309216363187027334401671723377,1906.66,200794,500,1821633217205823221
1682803151000,USDC,WETH,-11.428553,0.006,11.41987681859305873997416729612574,1904.76,200794,500,1821633217205823221
1682803163000,USDC,WETH,-551.236902,0.2894,550.8185730334718665580873359164645,1904.76,200794,500,1821633217205823221
1682803199000,USDC,WETH,-9523.683111,5,9516.50848766088228331180608010478,1904.74,200794,500,1821633217205823221
1682803235000,USDC,WETH,-2524.915067,1.325615618790052623,2523.029682983409824932539801899795,1904.71,200794,500,1821633217205823221
1682803247000,USDC,WETH,-5103.22275,2.679285644554710589,5099.43354619552757889780977205444,1904.70,200794,500,1821633217205823221
1682803259000,USDC,WETH,2000,-1.048990538892849878,1997.520125484691439847279580949618,1906.59,200794,500,1821633217205823221
1682803259000,USDC,WETH,15883.39581,-8.330601752044996776,15863.54524008997115562482850185393,1906.63,200794,500,1821633217205823221
1682803271000,USDC,WETH,15049.881611,-7.893166987919601498,15030.81681899704868894722810071282,1906.70,200793,500,1821633217205823221
1682803331000,USDC,WETH,-1838.642926,0.965258605233993992,1837.218097257961272889097349725332,1904.82,200793,500,1821633217205823221
1682803343000,USDC,WETH,-596.928573,0.313378950275875947,596.4667929223993527194648936502035,1904.81,200793,500,1821633217205823221
1682803343000,USDC,WETH,8261.247615,-4.332664102819905923,8250.698755067660707424760489809685,1906.74,200793,500,1821633217205823221
1682803355000,USDC,WETH,-104754.499798,55,104678.5861527697051164298668811526,1904.63,200795,500,1821633217205823221
1682803367000,USDC,WETH,659.377066,-0.345891024571263555,658.6078563320468080450696322876175,1906.31,200795,500,1821633217205823221
1682803379000,USDC,WETH,800,-0.419657262845302271,799.066102098341271624627512659772,1906.32,200795,500,1821633217205823221
1682803391000,USDC,WETH,-925.495946,0.485974790317927333,924.877626077693518178475339111983,1904.41,200795,500,1821633217205823221
1682803415000,USDC,WETH,-5693.847201,2.989841728665635892,5690.063920436245604898673643900125,1904.40,200796,500,1821633217205823221
1682803427000,USDC,WETH,-10055.040615,5.28,10048.44858786189169117726722059065,1904.36,200796,500,1821633217205823221
1682803427000,USDC,WETH,-166.319181,0.087334841403388538,166.2092069892413166148154044968071,1904.39,200796,500,1821633217205823221
1682803427000,USDC,WETH,1600.450731,-0.839579931758146954,1598.609953187270296044869228253032,1906.25,200796,500,1821633217205823221
1682803439000,USDC,WETH,19825,-10.399744722158643669,19801.96446667247307754524808511177,1906.30,200795,500,1821633217205823221
1682803451000,USDC,WETH,2938.216001,-1.541282703550547083,2934.765181236662057325072978947884,1906.34,200795,500,1821633217205823221
1682803463000,USDC,WETH,345.619697,-0.181299037401248885,345.2131560928634184221432539697715,1906.35,200795,500,1821633217205823221
1682803499000,USDC,WETH,24781.25,-12.998947610381608368,24751.75827119463071610256510626724,1906.40,200795,500,1821633217205823221
1682803559000,USDC,WETH,-12379.376471,6.5,12370.75524730914696830534790413621,1904.52,200795,500,1821633217205823221
1682803559000,USDC,WETH,-1182.486762,0.620875293006618996,1181.65442593085400643900635230679,1904.55,200795,500,1821633217205823221
1682803583000,USDC,WETH,-1690.052369,0.887409091505846944,1688.893117036356190032634384494215,1904.48,200795,500,1821633217205823221
1682803583000,USDC,WETH,-2491.4808,1.308215388958384656,2489.766090004883625371732563962662,1904.49,200795,500,1821633217205823221
1682803595000,USDC,WETH,-13035.950048,6.845,13027.11405412824784585386252366344,1904.45,200795,500,1821633217205823221
1682803619000,USDC,WETH,28746.25,-15.078913231728196281,28712.16702316424761197142339443693,1906.39,200795,500,1821633217205823221
1682803655000,USDC,WETH,2000,-1.049069161179659602,1997.594890042136452529653163367774,1906.45,200795,500,1821633217205823221
1682803727000,USDC,WETH,-14579.097543,7.655,14568.94384463831077575037510864042,1904.52,200795,500,1821633217205823221
1682803763000,USDC,WETH,3000,-1.573645672040183634,2996.432207957509961725791437449971,1906.40,200795,500,1821633217205823221
1682803775000,USDC,WETH,-250,0.131270410699441469,249.8294161847624853856815581103062,1904.47,200795,500,1821633217205823221
1682803775000,USDC,WETH,-8405.3155,4.413434741900612037,8399.54019491296766828193649885602,1904.48,200795,500,1821633217205823221
1682803811000,USDC,WETH,-2247.263385,1.18,2245.733088489968218861586234904728,1904.46,200795,500,1821633217205823221
1682803823000,USDC,WETH,150,-0.078684244385880442,149.8234749727222572360817096563954,1906.35,200795,500,1821633217205823221
1682803823000,USDC,WETH,4114.430754,-2.158262353882295295,4109.579105986371486974836368948302,1906.36,200795,500,1821633217205823221
1682803823000,USDC,WETH,-1969.456459,1.03413309068107684,1968.119911442929420435224306445906,1904.45,200795,500,1821633217205823221
1682803907000,USDC,WETH,-964.286308,0.506329665903445154,963.6289378486356102716995420613845,1904.46,200795,500,1821633217205823221
1682803931000,USDC,WETH,-13369.121602,7.02,13360.11317375387872576977573646711,1904.43,200795,500,1821633217205823221
1682803943000,USDC,WETH,264.866994,-0.138942130532893248,264.5582077057456783520028018832786,1906.31,200795,500,1821633217205823221
1682803979000,USDC,WETH,1167.431794,-0.612402483425263388,1166.069864423060526830632493508204,1906.31,200795,500,1821633217205823221
1682804003000,USDC,WETH,-11491.985881,6.034480091766235145,11484.38152952081693076614282706528,1904.39,200796,500,1821633217205823221
1682804015000,USDC,WETH,-152441.361826,80.061942360426829101,152354.2548861384035650927331330398,1904.04,200799,500,1821633217205823221
1682804015000,USDC,WETH,-2094.090067,1.1,2093.071758575394102328597337623051,1903.72,200799,500,1821633217205823221
1682804075000,USDC,WETH,-487036.986261,255.971428823039537814,486930.2707710758076208850836661825,1902.70,200810,500,1821633217205823221
1682804147000,USDC,WETH,213.02,-0.11190422628136856,212.9234648538143654745691024882348,1903.59,200810,500,1821633217205823221
1682804183000,USDC,WETH,1461.490994,-0.767752885937613947,1460.827348767731737218354509843868,1903.60,200810,500,1821633217205823221
1682804219000,USDC,WETH,4555.189524,-2.392924033722921613,4553.106116863081465219248439494628,1903.61,200810,500,1821633217205823221
1682804219000,USDC,WETH,-565.521972,0.297375,565.5448017902684737999696666142315,1901.71,200810,500,1821633217205823221
1682804231000,USDC,WETH,3500,-1.838599853740392793,3498.385985211056053626945634226119,1903.62,200810,500,1821633217205823221
1682804315000,USDC,WETH,-6656.001937,3.5,6656.267821012617598318264256073345,1901.71,200810,500,1821633217205823221
1682804315000,USDC,WETH,499.469324,-0.262377204126335644,499.2379052424627761097073828716958,1903.63,200810,500,1821633217205823221
1682804327000,USDC,WETH,1524.047904,-0.800610451187227413,1523.351159560462871757060665823846,1903.61,200810,500,1821633217205823221
1682804351000,USDC,WETH,-9508.437911,5,9508.88588766088228331180608010478,1901.69,200810,500,1821633217205823221
1682804363000,USDC,WETH,100,-0.052532841309115014,99.9552326849808701418368478974517,1903.57,200810,500,1821633217205823221
1682804375000,USDC,WETH,-506.639864,0.2664187863844403,506.666450745706439281769733718002,1901.67,200810,500,1821633217205823221
1682804399000,USDC,WETH,6302.005279,-3.310602951277022548,6299.165515090216728466846803597145,1903.58,200810,500,1821633217205823221
1682804411000,USDC,WETH,172265.625,-90.477850588710083976,172171.2213574265704014972795791104,1903.95,200806,500,1821633217205823221
1682804423000,USDC,WETH,1967.081643,-1.032959770364657822,1965.816753981067410836809426764101,1904.32,200806,500,1821633217205823221
1682804447000,USDC,WETH,45409.88725,-23.844620260287473122,45379.58911730445164383804043822314,1904.41,200805,500,1821633217205823221
1682804447000,USDC,WETH,491.363557,-0.258025601620531035,491.0469376352112544671696207982255,1904.32,200806,500,1821633217205823221
1682804447000,USDC,WETH,-1998.181824,1.0503401789254494,1997.894455251355736331779608048055,1902.41,200806,500,1821633217205823221
1682804471000,USDC,WETH,500,-0.262535573261978179,499.6538417409256686147675645041162,1904.50,200805,500,1821633217205823221
1682804471000,USDC,WETH,66.73,-0.035038019288003078,66.683822335416683165318746629699,1904.50,200805,500,1821633217205823221
1682804483000,USDC,WETH,-11415.462584,6,11413.33161059305873997416729612574,1902.58,200805,500,1821633217205823221
1682804495000,USDC,WETH,-5657.683124,2.97375,5656.679719902684737999696666142315,1902.54,200805,500,1821633217205823221
1682804519000,USDC,WETH,-4947.398445,2.600445490459780096,4946.54965897520070131520886568577,1902.52,200805,500,1821633217205823221
1682804519000,USDC,WETH,-1913.326337,1.005687775497055907,1913.005250546857785997780940236765,1902.51,200806,500,1821633217205823221
1682804531000,USDC,WETH,1904.409228,-1,1903.138000432176456662361216020956,1904.41,200805,500,1821633217205823221
1682804543000,USDC,WETH,-2199.419896,1.15592303884078814,2198.915757779842903979442796225255,1902.74,200804,500,1821633217205823221
1682804543000,USDC,WETH,56410.23989,-29.618974540522328807,56370.79170746731580794147894863005,1904.53,200804,500,1821633217205823221
1682804543000,USDC,WETH,-99.447019,0.0522653222565708,99.42434938640987337189001346267415,1902.73,200804,500,1821633217205823221
1682804567000,USDC,WETH,500,-0.262410739253185242,499.53513291420229694088179294776,1905.41,200800,500,1821633217205823221
1682804567000,USDC,WETH,185260.776663,-97.248553796070381917,185107.2849184288971657706956941001,1905.02,200800,500,1821633217205823221
1682804579000,USDC,WETH,-35.899069,0.018859447658170534,35.8836129278244857255655315120969,1903.51,200800,500,1821633217205823221
1682804579000,USDC,WETH,1200.004248,-0.629786883898106681,1198.887498235794529088065482757301,1905.41,200800,500,1821633217205823221
1682804579000,USDC,WETH,-761.403672,0.4,761.075190572870582664944486408382,1903.51,200800,500,1821633217205823221
1682804627000,USDC,WETH,-2155.553075,1.13220668,2154.429669853531551171855873351849,1903.85,200798,500,1823340704355872066
1682804627000,USDC,WETH,83266.72121,-43.696115185762189955,83185.4553925272905155764345333839,1905.59,200798,500,1823340704355872066
1682804639000,USDC,WETH,124023.4375,-65.069580894417767563,123888.5556636511371146989060140096,1906.01,200796,500,1823340704355872066
1682804639000,USDC,WETH,10000,-5.245780104286276801,9988.38743904748496960853299214479,1906.29,200795,500,1823340704355872066
1682804663000,USDC,WETH,67494.798515,-35.403262908726746663,67413.543946044190871190316034559,1906.46,200794,500,1823340704355872066
1682804759000,USDC,WETH,-476.172929,0.25,475.8198111080441141655903040052389,1904.69,200794,500,1823340704355872066
1682804795000,USDC,WETH,3277.448564,-1.718998300510367216,3273.377157175479619337464675333469,1906.60,200794,500,1823340704355872066
1682804819000,USDC,WETH,-476.175869,0.25,475.8212811080441141655903040052389,1904.70,200794,500,1823340704355872066
1682804831000,USDC,WETH,-230776.3276,121.19219398465675264,230633.8672349748908071461217523486,1904.22,200799,500,1823340704355872066
1682804831000,USDC,WETH,-197.988204,0.104,197.8911741889463514928855664661794,1903.73,200799,500,1823340704355872066
1682804831000,USDC,WETH,-1642.498227,0.862779489498529305,1641.694935193060896676312014069228,1903.73,200799,500,1823340704355872066
1682804843000,USDC,WETH,7650,-4.014410636814616293,7642.437101395473090399492007516585,1905.63,200799,500,1823340704355872066
1682804843000,USDC,WETH,-2855.579144,1.5,2854.189651648264684993541824031434,1903.72,200799,500,1823340704355872066
1682804927000,USDC,WETH,2020.205609,-1.060110905066321843,2018.197657448396959350442165259933,1905.65,200799,500,1823340704355872066
1682805023000,USDC,WETH,8399.355927,-4.40754470270148286,8390.95937349112149547525111732762,1905.68,200799,500,1823340704355872066
1682805047000,USDC,WETH,-120,0.063033084647783803,119.9402646413830843583248408316001,1903.76,200799,500,1823340704355872066
1682805047000,USDC,WETH,-6403.517763,3.363588107613796864,6400.307111236183822219889158540135,1903.78,200799,500,1823340704355872066
1682805071000,USDC,WETH,-523.177607,0.274812681834969669,522.9173576718359716307872645341035,1903.76,200799,500,1823340704355872066
1682805119000,USDC,WETH,421.784727,-0.221329388486015737,421.3618684099697093058289716756599,1905.69,200799,500,1823340704355872066
1682805119000,USDC,WETH,9000,-4.722701878774443399,8990.974890692583555517834144881905,1905.69,200799,500,1823340704355872066
1682805119000,USDC,WETH,-4930.821557,2.59,4928.328249359337022755515549494275,1903.79,200799,500,1823340704355872066
1682805119000,USDC,WETH,1189.5,-0.624190776798167144,1188.313849160411879035828249538661,1905.67,200799,500,1823340704355872066
1682805119000,USDC,WETH,6987.2179,-3.666477083295630982,6980.18441909428348301221986948922,1905.70,200799,500,1823340704355872066
1682805131000,USDC,WETH,14831.667042,-7.782591017635234832,14816.55915261651218135281689265616,1905.75,200798,500,1823340704355872066
1682805167000,USDC,WETH,297.939949,-0.156334826623804751,297.633980598661831494517394392111,1905.78,200798,500,1823340704355872066
1682805179000,USDC,WETH,221.652155,-0.116305085466161307,221.4244662816204798162741814223758,1905.78,200798,500,1823340704355872066
1682805191000,USDC,WETH,679.673191,-0.356637048274818811,678.974671543149046318658702753547,1905.78,200798,500,1823340704355872066
1682805191000,USDC,WETH,300,-0.157415358454753188,299.6915198918133887003452653910067,1905.79,200798,500,1823340704355872066
1682805203000,USDC,WETH,5809.59719,-3.048310865023072288,5803.539168774387287401655799026225,1905.84,200798,500,1823340704355872066
1682805203000,USDC,WETH,10119.808883,-5.309983479286612977,10109.34501335692958770391504103494,1905.81,200798,500,1823340704355872066
1682805215000,USDC,WETH,6000,-3.148229168229856311,5993.756224209371414799371040058585,1905.83,200798,500,1823340704355872066
1682805215000,USDC,WETH,-7838.521283,4.117017858027816353,7834.27037523613687664258703368168,1903.93,200798,500,1823340704355872066
1682805227000,USDC,WETH,-171.354616,0.09,171.261312778895881099612509441886,1903.94,200798,500,1823340704355872066
1682805239000,USDC,WETH,-426.960958,0.224251394250344283,426.7286167466169936676402331968538,1903.94,200798,500,1823340704355872066
1682805263000,USDC,WETH,-475.984257,0.25,475.7254751080441141655903040052389,1903.94,200798,500,1823340704355872066
1682805287000,USDC,WETH,4710.497315,-2.471597514455182126,4705.573251818216540416598353238131,1905.85,200798,500,1823340704355872066
1682805299000,USDC,WETH,11694.815711,-6.13615776918937658,11682.48514263736326865798356489051,1905.89,200798,500,1823340704355872066
1682805323000,USDC,WETH,784.196137,-0.411454539758763342,783.363927355693413051320977380233,1905.91,200798,500,1823340704355872066
1682805335000,USDC,WETH,-10178.482977,5.345878921572193289,10172.81623484703721782632186098036,1903.99,200798,500,1823340704355872066
1682805383000,USDC,WETH,-171.356857,0.09,171.262433278895881099612509441886,1903.97,200798,500,1823340704355872066
1682805407000,USDC,WETH,1082.399094,-0.567928503321933799,1081.261721915284083754144804391714,1905.87,200798,500,1823340704355872066
1682805407000,USDC,WETH,-66.63876,0.035,66.60204852512617598318264256073345,1903.96,200798,500,1823340704355872066
1682805419000,USDC,WETH,254.70766,-0.133643429366101077,254.4398288615158745295048363837845,1905.87,200798,500,1823340704355872066
1682805431000,USDC,WETH,413.028229,-0.21671302792601321,412.5937680296545677876647840116412,1905.88,200798,500,1823340704355872066
1682805503000,USDC,WETH,3930.421471,-2.062254832697958827,3926.27770724359148897793260501769,1905.89,200798,500,1823340704355872066
1682805515000,USDC,WETH,490.732457,-0.257481406132304845,490.2138939767112119987570422923083,1905.89,200798,500,1823340704355872066
1682805515000,USDC,WETH,2000,-1.049373017325473684,1997.883836995863666724827827087664,1905.90,200798,500,1823340704355872066
1682805527000,USDC,WETH,4000,-2.098732152799765158,3995.754473275972686982136752447451,1905.91,200798,500,1823340704355872066
1682805551000,USDC,WETH,-114.240917,0.06,114.1764616859305873997416729612574,1904.02,200798,500,1823340704355872066
1682805575000,USDC,WETH,-571.204156,0.3,570.8820939296529369987083648062865,1904.01,200798,500,1823340704355872066
1682805611000,USDC,WETH,-426.9932,0.22425975,426.7526835079332841269869607145555,1904.01,200798,500,1823340704355872066
1682805635000,USDC,WETH,7920,-4.1554452547868118,7911.551628267941259186941931332085,1905.93,200797,500,1823340704355872066
1682805647000,USDC,WETH,-9520.18651,5,9514.76018716088228331180608010478,1904.04,200798,500,1823340704355872066
1682805647000,USDC,WETH,3140.862778,-1.647919719877399559,3137.49326879137917291542217946749,1905.96,200797,500,1823340704355872066
1682805659000,USDC,WETH,-359.155577,0.188630490956072352,358.9528200492219161482207941352385,1904.02,200798,500,1823340704355872066
1682805659000,USDC,WETH,-10688.985807,5.613982730507579242,10683.01651279332899149282651804637,1903.99,200798,500,1823340704355872066
1682805695000,USDC,WETH,-19039.309244,10,19028.98848632176456662361216020956,1903.93,200798,500,1823340704355872066
1682805755000,USDC,WETH,21000,-11.018761161359671621,20978.10786545909405393090577037023,1905.84,200798,500,1823340704355872066
1682805839000,USDC,WETH,952.943255,-0.5,951.938320716088228331180608010478,1905.89,200798,500,1823340704355872066
1682805851000,USDC,WETH,-3428.73383,1.800828379257382092,3426.834744070390146245801691488392,1903.98,200798,500,1823340704355872066
1682805863000,USDC,WETH,-11423.668246,6,11417.43444159305873997416729612574,1903.94,200798,500,1823340704355872066
1682805911000,USDC,WETH,3060,-1.605597556188085521,3056.816321353162880001217325647709,1905.83,200798,500,1823340704355872066
1682805935000,USDC,WETH,2512.676713,-1.318406145186402897,2510.05477683509780427296140294876,1905.84,200798,500,1823340704355872066
1682805959000,USDC,WETH,249.187057,-0.130748514018161265,248.9266557062649867227312898821791,1905.85,200798,500,1823340704355872066
1682805971000,USDC,WETH,662.121317,-0.347414879753862734,661.4290666012680679456420149081335,1905.85,200798,500,1823340704355872066
1682806019000,USDC,WETH,-1334.857509,0.701100827596912196,1334.128938717133229120858162130847,1903.95,200798,500,1823340704355872066
1682806031000,USDC,WETH,-133439.546799,70.096212713470927092,133376.6023311910893481137149330131,1903.66,200801,500,1823340704355872066
1682806043000,USDC,WETH,-7989.722548,4.1977673125104,7986.658359939811035228227396829805,1903.33,200801,500,1823340704355872066
1682806043000,USDC,WETH,-9919.115669,5.211360578202502473,9915.214597049250819400735076814255,1903.36,200801,500,1823340704355872066
1682806091000,USDC,WETH,2562.219618,-1.344841762403501808,2559.964740337778420185672366472381,1905.22,200801,500,1823340704355872066
1682806091000,USDC,WETH,399.564482,-0.209720220734573584,399.2122007064316073867916926342737,1905.23,200801,500,1823340704355872066
1682806115000,USDC,WETH,4585.475928,-2.406774965754046932,4581.420632564681368932931515735077,1905.24,200801,500,1823340704355872066
1682806115000,USDC,WETH,418.98879,-0.219913098706765304,418.6171026740178154127692637848321,1905.25,200801,500,1823340704355872066
1682806115000,USDC,WETH,2656.914192,-1.394520058032738236,2654.55277723266700703632624021435,1905.25,200801,500,1823340704355872066
1682806163000,USDC,WETH,300,-0.157458855256342211,299.7328824526474068157540331140427,1905.26,200801,500,1823340704355872066
1682806175000,USDC,WETH,1000,-0.524862106027608393,999.1088998947577038568650342343615,1905.26,200801,500,1823340704355872066
1682806175000,USDC,WETH,1900,-0.997234844543460643,1898.303907789878074980760640957497,1905.27,200801,500,1823340704355872066
1682806187000,USDC,WETH,-801.684747,0.421193196263171492,801.3690459647299971175438483894195,1903.37,200801,500,1823340704355872066
1682806211000,USDC,WETH,-76.134561,0.04,76.1046159572870582664944486408382,1903.36,200801,500,1823340704355872066
1682806247000,USDC,WETH,-64.714313,0.034,64.6888916386939995265202813447125,1903.36,200801,500,1823340704355872066
1682806247000,USDC,WETH,-380.672615,0.2,380.5229847864352913324722432041911,1903.36,200801,500,1823340704355872066
1682806247000,USDC,WETH,-1809.235495,0.950549109277786943,1808.526630955614898224816542457685,1903.36,200801,500,1823340704355872066
1682806319000,USDC,WETH,50,-0.026243145923596234,49.95548362375913391140143323123529,1905.26,200801,500,1823340704355872066
1682806343000,USDC,WETH,2000,-1.049723487876293669,1998.217111143599665258164924199158,1905.26,200801,500,1823340704355872066
1682806343000,USDC,WETH,-380.672444,0.2,380.5228992864352913324722432041911,1903.36,200801,500,1823340704355872066
1682806391000,USDC,WETH,-57.100839,0.03,57.07842109296529369987083648062865,1903.36,200801,500,1823340704355872066
1682806403000,USDC,WETH,1917.831944,-1.00659327629627583,1916.119124988277029661742020733978,1905.27,200801,500,1823340704355872066
1682806427000,USDC,WETH,-380.673674,0.2,380.5235142864352913324722432041911,1903.37,200801,500,1823340704355872066
1682806475000,USDC,WETH,-475.841647,0.25,475.6541701080441141655903040052389,1903.37,200801,500,1823340704355872066
1682806487000,USDC,WETH,-5063.6506,2.660381482423310046,5061.670872282251949814461697247015,1903.36,200801,500,1823340704355872066
1682806511000,USDC,WETH,571.575155,-0.3,571.0675934296529369987083648062865,1905.25,200801,500,1823340704355872066
1682806535000,USDC,WETH,50,-0.026243250297946248,49.95558287681324938170559271882707,1905.25,200801,500,1823340704355872066
1682806547000,USDC,WETH,-100,0.052539029358099621,99.9611171073572106673099704729147,1903.35,200801,500,1823340704355872066
1682806595000,USDC,WETH,1931.475,-1.013761665794582743,1929.757313889166872881393401579628,1905.26,200801,500,1823340704355872066
1682806595000,USDC,WETH,-1804.343788,0.947982686956450303,1803.640280786571119798619041589954,1903.35,200801,500,1823340704355872066
1682806619000,USDC,WETH,-380.66929,0.2,380.5213222864352913324722432041911,1903.35,200801,500,1823340704355872066
1682806631000,USDC,WETH,-93.263927,0.049,93.2276994351766463764556995850268,1903.35,200801,500,1823340704355872066
1682806631000,USDC,WETH,-95.167253,0.05,95.1302958216088228331180608010478,1903.35,200801,500,1823340704355872066
1682806643000,USDC,WETH,-98.459633,0.05172979715092035,98.42140768417424187835256534668055,1903.34,200801,500,1823340704355872066
1682806655000,USDC,WETH,-1200.221948,0.630586603187615232,1199.756828007962029615313515351251,1903.34,200801,500,1823340704355872066
1682806691000,USDC,WETH,-999.252134,0.525,998.8660948768926397477396384110015,1903.34,200801,500,1823340704355872066
1682806703000,USDC,WETH,-3228.844077,1.696419661661440853,3227.604132173840974371221427683087,1903.33,200801,500,1823340704355872066
1682806715000,USDC,WETH,1000,-0.524871363160308274,999.1177028113046537328011880822355,1905.23,200801,500,1823340704355872066
1682806727000,USDC,WETH,-983.722859,0.516844664645568078,983.346276710812638117420076625353,1903.32,200801,500,1823340704355872066
1682806727000,USDC,WETH,-684.662693,0.35972011982017182,684.401218208384266668424390469963,1903.32,200801,500,1823340704355872066
1682806751000,USDC,WETH,-380.589559,0.2,380.4814567864352913324722432041911,1902.95,200803,500,1823340704355872066
1682806751000,USDC,WETH,-89127.643261,46.832041531830878208,89097.97347789626956117826040106845,1903.13,200803,500,1823340704355872066
1682806763000,USDC,WETH,1000,-0.524974765604473522,999.216031647700077058900480609893,1904.85,200803,500,1823340704355872066
1682806799000,USDC,WETH,-18210.719187,9.569915287534693742,18205.71154574442199207877605753195,1902.91,200804,500,1823340704355872066
1682806811000,USDC,WETH,-1554.159493,0.816744008861059844,1553.748892694439172753336778670875,1902.87,200804,500,1823340704355872066
1682806823000,USDC,WETH,-444.159701,0.233418456802135643,444.0452540826275406096206063122187,1902.85,200804,500,1823340704355872066
1682806823000,USDC,WETH,-4975.994184,2.615009878119306784,4974.697290953585415344565697863792,1902.86,200804,500,1823340704355872066
1682806883000,USDC,WETH,-10920.997777,5.739363757292152185,10918.25150218792636063224685539259,1902.82,200804,500,1823340704355872066
1682806919000,USDC,WETH,20553.499702,-10.790668039790668691,20537.95635194359598799333590726075,1904.75,200803,500,1823340704355872066
1682806919000,USDC,WETH,-91.334442,0.048,91.31202354874446991979333836900585,1902.80,200804,500,1823340704355872066
1682806919000,USDC,WETH,-282.498678,0.148458053983869055,282.4230590180114655855082965228293,1902.89,200803,500,1823340704355872066
1682806931000,USDC,WETH,-4894.70582,2.572269061001447695,4893.409438992821335874070008872469,1902.87,200804,500,1823340704355872066
1682806967000,USDC,WETH,4000,-2.099983162355469852,3996.944100029237964140685845893505,1904.78,200804,500,1823340704355872066
1682806991000,USDC,WETH,100,-0.052499344062942809,99.92337903524218298094206749813825,1904.79,200804,500,1823340704355872066
1682807015000,USDC,WETH,1507.282032,-0.79131179091513473,1506.125817058639433357945944456186,1904.79,200803,500,1823340704355872066
1682807027000,USDC,WETH,450,-0.236246128909167066,449.6543313950867394032287177203174,1904.79,200803,500,1823340704355872066
1682807051000,USDC,WETH,2107.25481,-1.10628755883555661,2105.633179691281501569185775236348,1904.80,200803,500,1823340704355872066
1682807063000,USDC,WETH,-62.330493,0.032755555587103641,62.31359789891186321869988650219225,1902.90,200803,500,1823340704355872066
1682807075000,USDC,WETH,-102.756492,0.054,102.7286488673375286597675056651316,1902.90,200803,500,1823340704355872066
1682807135000,USDC,WETH,-361.550439,0.19,361.4525629221135267658486310439816,1902.90,200803,500,1823340704355872066
1682807135000,USDC,WETH,500.26991,-0.262636220446799797,499.8845055092229549692153611552695,1904.80,200803,500,1823340704355872066
1682807159000,USDC,WETH,-10803.08255,5.67723959954125463,10800.21795297861860574705915658146,1902.88,200804,500,1823340704355872066
1682807183000,USDC,WETH,991.25,-0.520406821428550334,990.497221023456302289963959632751,1904.76,200804,500,1823340704355872066
1682807183000,USDC,WETH,373.226824,-0.195944005554314961,372.9431087528499187988818111437312,1904.76,200804,500,1823340704355872066
1682807195000,USDC,WETH,-3089.225147,1.62347044390620649,3088.424820496277707894330114652195,1902.85,200804,500,1823340704355872066
1682807207000,USDC,WETH,50,-0.026250154744867263,49.96214854590529138961792033130847,1904.75,200804,500,1823340704355872066
1682807219000,USDC,WETH,-342.512242,0.18,342.424130557791762199225018883772,1902.85,200804,500,1823340704355872066
1682807231000,USDC,WETH,300,-0.157500986136357627,299.7729461130538340592737386872074,1904.75,200804,500,1823340704355872066
1682807279000,USDC,WETH,-2601.183539,1.367,2600.517708752785216257447782300646,1902.84,200804,500,1823340704355872066
1682807399000,USDC,WETH,5982.000216,-3.14056608368097618,5977.46924926878874459197837027392,1904.75,200804,500,1823340704355872066
1682807411000,USDC,WETH,3899.89424,-2.047432798491120159,3896.919324561468835836922909916543,1904.77,200804,500,1823340704355872066
1682807435000,USDC,WETH,-6188.122606,3.252005159094767614,6186.501581632896128769455931246525,1902.86,200804,500,1823340704355872066
1682807471000,USDC,WETH,-570.854898,0.3,570.7074649296529369987083648062865,1902.85,200804,500,1823340704355872066
1682807483000,USDC,WETH,-1497.536064,0.787,1497.152607122122871393278277008492,1902.84,200804,500,1823340704355872066
1682807483000,USDC,WETH,-989.480138,0.52,989.225429944731757464427832330897,1902.85,200804,500,1823340704355872066
1682807507000,USDC,WETH,2659.52999,-1.396263485239432146,2657.518559370326436930843232279603,1904.75,200804,500,1823340704355872066
1682807555000,USDC,WETH,10695.881865,-5.615329453567203016,10687.74518571300332878875897851045,1904.76,200803,500,1823340704355872066
1682807555000,USDC,WETH,-2622.118671,1.378,2621.445542003539157280733755676877,1902.84,200804,500,1823340704355872066
1682807603000,USDC,WETH,-43383.670263,22.8,43373.11634215362321190183572527779,1902.79,200804,500,1823340704355872066
1682807627000,USDC,WETH,-18625.545853,9.789195060693586322,18621.64533601048718456998847483937,1902.66,200805,500,1823340704355872066
1682807675000,USDC,WETH,201.878918,-0.106,201.7279498065445593717268701343384,1904.52,200805,500,1823340704355872066
1682807675000,USDC,WETH,-2728.356068,1.434,2727.675164345140548481663507289069,1902.62,200805,500,1823340704355872066
1682807687000,USDC,WETH,263.777388,-0.138500786960440235,263.5800646911463887975550361497981,1904.52,200805,500,1823340704355872066
1682807699000,USDC,WETH,3000,-1.575195220082442759,2997.750461865964300914038091624671,1904.53,200805,500,1823340704355872066
1682807723000,USDC,WETH,4406.916122,-2.313899023853669267,4403.593820367433726462862560645222,1904.54,200805,500,1823340704355872066
1682807723000,USDC,WETH,1000,-0.525057727579074897,999.243169330271396231327322091066,1904.55,200805,500,1823340704355872066
1682807735000,USDC,WETH,110,-0.05775628003826111,109.9166820722310654437101066134496,1904.55,200805,500,1823340704355872066
1682807747000,USDC,WETH,1235.216862,-0.648558419782806812,1234.280358639495202393785541998784,1904.56,200805,500,1823340704355872066
1682807759000,USDC,WETH,-2648.489594,1.392,2647.806864950094590994752860632067,1902.65,200805,500,1823340704355872066
1682807843000,USDC,WETH,-4901.9384,2.576394691776125345,4900.694980246303896410472906758589,1902.63,200805,500,1823340704355872066
1682807843000,USDC,WETH,1428.401642,-0.75,1427.326935197249240837690118875036,1904.54,200805,500,1823340704355872066
1682807843000,USDC,WETH,915.957875,-0.480936274875760882,915.269893338202007579230722224297,1904.53,200805,500,1823340704355872066
1682807855000,USDC,WETH,-312.764925,0.164385247585171271,312.6856796223545837383488800873445,1902.63,200805,500,1823340704355872066
1682807867000,USDC,WETH,-2473.519963,1.300054439298731376,2472.897008889317256661462024907102,1902.63,200805,500,1823340704355872066
1682807879000,USDC,WETH,-273.236446,0.143610452301601698,273.1680414106008367511864194312479,1902.62,200805,500,1823340704355872066
1682807891000,USDC,WETH,76.860597,-0.040356812900691025,76.8029613870069457069558047363579,1904.53,200805,500,1823340704355872066
1682807903000,USDC,WETH,336.521551,-0.176695625407568617,336.2691284900695360007308232046214,1904.53,200805,500,1823340704355872066
1682807915000,USDC,WETH,331.966824,-0.174303971113465932,331.7176968123940521808987615137624,1904.53,200805,500,1823340704355872066
1682807915000,USDC,WETH,304.33,-0.159792747153902792,304.1015078063550080802487761527993,1904.53,200805,500,1823340704355872066
1682807915000,USDC,WETH,1200,-0.630075844125102109,1199.098051160647705024290120917457,1904.53,200805,500,1823340704355872066
1682807927000,USDC,WETH,-361.499758,0.19,361.4084945966364743455481634483424,1902.63,200805,500,1823340704355872066
1682807951000,USDC,WETH,3118.380147,-1.637340242306477501,3116.030186319734422806017853821257,1904.54,200805,500,1823340704355872066
1682807963000,USDC,WETH,4391.667564,-2.305874106970947961,4388.33917097632579652194626155488,1904.56,200805,500,1823340704355872066
1682807963000,USDC,WETH,193.519963,-0.101609445445063236,193.3737801613004425985630899821895,1904.55,200805,500,1823340704355872066
1682808023000,USDC,WETH,-19.026615,0.01,19.02165568929665654450253491833381,1902.66,200805,500,1823340704355872066
1682808083000,USDC,WETH,500,-0.26252691658969529,499.6197331997263594647734023333307,1904.57,200805,500,1823340704355872066
1682808119000,USDC,WETH,-55.177239,0.029,55.16282924896030397905735126316805,1902.66,200805,500,1823340704355872066
1682808143000,USDC,WETH,505.744062,-0.265542598419182873,505.3591794860166683014626079418905,1904.57,200805,500,1823340704355872066
1682808203000,USDC,WETH,4446.855652,-2.334823706424554046,4443.459502130881686118723193465949,1904.58,200805,500,1823340704355872066
1682808239000,USDC,WETH,-1617.278455,0.85,1616.848823590215806282715468058374,1902.68,200805,500,1823340704355872066
1682808299000,USDC,WETH,95480.893839,-50.127000510749018469,95402.9443736253007551039309419394,1904.78,200802,500,1823340704355872066
1682808311000,USDC,WETH,107812.5,-56.588479999857633234,107712.5471341696390153738686368581,1905.20,200800,500,1823340704355872066
1682808323000,USDC,WETH,-2974.047319,1.5623974266394725,2972.605533754918412301682120903426,1903.52,200800,500,1823340704355872066
1682808323000,USDC,WETH,-190.350867,0.1,190.2589153929665654450253491833381,1903.51,200800,500,1823340704355872066
1682808347000,USDC,WETH,-981.162289,0.51545,980.6889519172961615863831623655165,1903.51,200800,500,1823340704355872066
1682808371000,USDC,WETH,1500,-0.787231215346392028,1498.526850099667293918702888840956,1905.41,200800,500,1823340704355872066
1682808395000,USDC,WETH,-856.578891,0.45,856.1651140183495445026140713250215,1903.51,200800,500,1823340704355872066
1682808407000,USDC,WETH,-6763.472134,3.553190261004655361,6760.23308544501292671231924339438,1903.49,200800,500,1823340704355872066
1682808431000,USDC,WETH,-2855.199162,1.5,2853.851809394498481675380237750072,1903.47,200800,500,1823340704355872066
1682808431000,USDC,WETH,-1617.954091,0.85,1617.186641590215806282715468058374,1903.48,200800,500,1823340704355872066
1682808443000,USDC,WETH,16000,-8.397194329234333301,15984.34474955474254524126807386937,1905.40,200800,500,1823340704355872066
1682808455000,USDC,WETH,5291.802106,-2.777203653197629869,5286.562985718974366313588247798475,1905.44,200800,500,1823340704355872066
1682808503000,USDC,WETH,80.747806,-0.042377205856159902,80.667317849346221738437901687316,1905.45,200800,500,1823340704355872066
1682808527000,USDC,WETH,5000,-2.624032349483740075,4995.002251793909095188424782297158,1905.46,200800,500,1823340704355872066
1682808539000,USDC,WETH,1700,-0.892164477683749952,1698.294565129668991378879913139607,1905.48,200800,500,1823340704355872066
1682808551000,USDC,WETH,-156.201639,0.0820569304498161,156.1228096968308364227143483854865,1903.58,200800,500,1823340704355872066
1682808587000,USDC,WETH,-3963.228339,2.082,3961.237130038927325845813210940137,1903.57,200800,500,1823340704355872066
1682808611000,USDC,WETH,156640.625,-82.191846780795215421,156470.5848613639422178004048119128,1905.79,200796,500,1823340704355872066
1682808647000,USDC,WETH,-476.053747,0.25,475.7337611727818594915721915153863,1904.21,200797,500,1823340704355872066
1682808647000,USDC,WETH,476.53016,-0.25,475.9719676727818594915721915153863,1906.12,200796,500,1823340704355872066
1682808659000,USDC,WETH,755.825304,-0.396524891450986343,754.9394433264065219165306004324545,1906.12,200796,500,1823340704355872066
1682808671000,USDC,WETH,-1611.526287,0.846293947215933609,1610.442744496052441913853764730969,1904.22,200797,500,1823340704355872066
1682808695000,USDC,WETH,-1904.208398,1,1902.931749691127437966288766061545,1904.21,200797,500,1823340704355872066
1682808719000,USDC,WETH,-9010.608756,4.732,9004.62034787041503645647844100323,1904.19,200797,500,1823340704355872066
1682808719000,USDC,WETH,152.15158,-0.079823069729275529,151.9737638793341281866225657765355,1906.11,200797,500,1823340704355872066
1682808731000,USDC,WETH,1856.064351,-0.973761623225737436,1853.911554668744399065060303922517,1906.08,200797,500,1823340704355872066
1682808755000,USDC,WETH,-421.862026,0.2215459305895508,421.5829875480491141647534872806334,1904.17,200797,500,1823340704355872066
1682808767000,USDC,WETH,5000,-2.623171910631203262,4994.184122827232033099146211383231,1906.09,200797,500,1823340704355872066
1682808779000,USDC,WETH,-1904.190213,1,1902.922657191127437966288766061545,1904.19,200797,500,1823340704355872066
1682808791000,USDC,WETH,1000.181078,-0.524728115630268736,999.0164879634991262769029545030815,1906.09,200797,500,1823340704355872066
1682808791000,USDC,WETH,-1904.186416,1,1902.920758691127437966288766061545,1904.19,200797,500,1823340704355872066
1682808803000,USDC,WETH,972.279663,-0.510091142298385531,971.148542960813267702159871748345,1906.09,200797,500,1823340704355872066
1682808839000,USDC,WETH,-76.169,0.04,76.1176020276450975186515506424618,1904.22,200796,500,1823340704355872066
1682808839000,USDC,WETH,9215.212346,-4.834561097189583467,9204.440059707381358240242651697755,1906.11,200796,500,1823340704355872066
1682808935000,USDC,WETH,4625.807401,-2.426870254469418376,4620.438800402310245625103180668305,1906.08,200797,500,1823340704355872066
1682808935000,USDC,WETH,-14471.877964,7.6,14462.22836725256852854379462206774,1904.19,200797,500,1823340704355872066
1682808947000,USDC,WETH,83.631312,-0.043875862513409064,83.534034888085394918366737582857,1906.09,200797,500,1823340704355872066
1682809007000,USDC,WETH,-17699.301842,9.295135615838520242,17687.72195194960466104994532532941,1904.15,200797,500,1823340704355872066
1682809007000,USDC,WETH,31.351234,-0.016448285457141355,31.31509997428220596526252148606631,1906.05,200797,500,1823340704355872066
1682809007000,USDC,WETH,7993.41606,-4.193747306933302498,7984.238510068903859301056495778945,1906.03,200797,500,1823340704355872066
1682809055000,USDC,WETH,-2998.758891,1.574865206605651582,2996.804672565528065250298104786891,1904.14,200797,500,1823340704355872066
1682809163000,USDC,WETH,-1332.889368,0.7,1332.023969483789206576402136243082,1904.13,200797,500,1823340704355872066
1682809271000,USDC,WETH,-1871.784769,0.983017832471882338,1870.572822434940923360278403183258,1904.12,200797,500,1823340704355872066
1682809295000,USDC,WETH,-3808.217633,2,3805.76391788225487593257753212309,1904.11,200797,500,1823340704355872066
1682809367000,USDC,WETH,388.237037,-0.203692925353230441,387.7953638067227544326862098537492,1905.99,200797,500,1823340704355872066
1682809367000,USDC,WETH,-3609.642465,1.895727950292866886,3607.331596253678005058502412180228,1904.09,200797,500,1823340704355872066
1682809379000,USDC,WETH,4005.1614,-2.101826677328418033,4001.055411581450350244396218922786,1905.56,200799,500,1823340704355872066
1682809379000,USDC,WETH,-103327.065609,54.272184683803154672,103267.0212380570741923989456705504,1903.87,200799,500,1823340704355872066
1682809391000,USDC,WETH,2130.395135,-1.117980095200040814,2128.20384314048828596853751674743,1905.58,200799,500,1823340704355872066
1682809415000,USDC,WETH,-190.36742,0.1,190.2664650691127437966288766061545,1903.67,200799,500,1823340704355872066
1682809427000,USDC,WETH,-981.050408,0.51545,980.6292650037416378997235444664235,1903.29,200801,500,1823340704355872066
1682809427000,USDC,WETH,-91003.053758,47.80871894295310336,90959.37401320860646817912357076225,1903.48,200801,500,1823340704355872066
1682809475000,USDC,WETH,-399.941432,0.21013204172171687,399.7700505519858529255239789080331,1903.29,200801,500,1823340704355872066
1682809487000,USDC,WETH,-5709.820351,3,5707.392827573382313898866298184635,1903.27,200802,500,1823340704355872066
1682809499000,USDC,WETH,-231568.120172,121.700202634575659008,231499.9656756474683910245318259891,1902.78,200807,500,1823340704355872066
1682809499000,USDC,WETH,-12.566483,0.006605980232721132,12.56438950459223796628310398260175,1902.29,200807,500,1823340704355872066
1682809523000,USDC,WETH,-95748.175034,50.338460649380618172,95737.2827618122735337415099010176,1902.09,200809,500,1823340704355872066
1682809535000,USDC,WETH,-428906.519745,225.61919827110854656,428978.2095535139935668251056299925,1901.02,200818,500,1823340704355872066
1682809535000,USDC,WETH,3000,-1.577232157229441087,2999.67578892975267652557320440263,1902.07,200818,500,1823340704355872066
1682809559000,USDC,WETH,500,-0.262871054992482368,499.9450413660946771360881406255132,1902.07,200818,500,1823340704355872066
1682809571000,USDC,WETH,4424.15078,-2.326886538068421927,4424.543217727754484709164548677467,1901.32,200822,500,1823340704355872066
1682809571000,USDC,WETH,-196855.600134,103.619929884357249249,196952.4842017297632913883162031709,1899.79,200822,500,1823340704355872066
1682809583000,USDC,WETH,-94962.279926,50,95022.51749755637189831443830307725,1899.25,200824,500,1823340704355872066
1682809607000,USDC,WETH,44.298962,-0.023303389201348901,44.3069854771206439076820960873201,1900.97,200824,500,1823340704355872066
1682809607000,USDC,WETH,-7600,4.001997461699226287,7605.209444379584419815583967664115,1899.05,200824,500,1823340704355872066
1682809619000,USDC,WETH,-606.513572,0.319379687548789068,606.9317920525126801872918052071,1899.04,200824,500,1823340704355872066
1682809643000,USDC,WETH,1412.334627,-0.742967169509493695,1412.600967528631588113459004042577,1900.94,200824,500,1823340704355872066
1682809667000,USDC,WETH,-295.184177,0.155395865050128971,295.3467582531431027626018409370328,1899.56,200821,500,1823340704355872066
1682809667000,USDC,WETH,102128.628884,-53.715982776130198418,102138.9507779946645967089754254639,1901.27,200821,500,1823340704355872066
1682809667000,USDC,WETH,-550.872697,0.29,551.176338200426957010223742157848,1899.56,200821,500,1823340704355872066
1682809667000,USDC,WETH,36076.070083,-18.977326215358649547,36082.19964551598796675393047898564,1901.01,200823,500,1823340704355872066
1682809703000,USDC,WETH,-1049.705965,0.552605402901967808,1050.285424239961697373476166288634,1899.56,200821,500,1823340704355872066
1682809703000,USDC,WETH,-22.794719,0.012,22.80729010829352925559546519273854,1899.56,200821,500,1823340704355872066
1682809715000,USDC,WETH,13000,-6.836774296228786183,13000.59335871127330916211960882201,1901.48,200821,500,1823340704355872066
1682809763000,USDC,WETH,9326.291278,-4.904640835225135588,9326.90490984690260225893885099933,1901.52,200821,500,1823340704355872066
1682809787000,USDC,WETH,588.01518,-0.309230615046149221,588.0509656929662091227529733161505,1901.54,200821,500,1823340704355872066
1682809799000,USDC,WETH,100976.5625,-53.097001111648625162,100977.530006020815189675091996989,1901.74,200818,500,1823340704355872066
1682809823000,USDC,WETH,-190.00354,0.1,190.09047124294889567778233747417,1900.04,200818,500,1823340704355872066
1682809835000,USDC,WETH,423.313452,-0.222569611007554843,423.2952784685673241284797995816575,1901.94,200818,500,1823340704355872066
1682809871000,USDC,WETH,2108.000135,-1.108340673359898226,2107.906819145281704301013696267276,1901.94,200818,500,1823340704355872066
1682809895000,USDC,WETH,-988.926599,0.5205676816860301,989.4643471057743544706442983840665,1899.71,200820,500,1823340704355872066
1682809895000,USDC,WETH,-85494.383252,45,85537.1071853270030550020518633765,1899.88,200820,500,1823340704355872066
1682809907000,USDC,WETH,-948.968137,0.49953464404215003,949.4850737782682572264547190093275,1899.70,200820,500,1823340704355872066
1682809919000,USDC,WETH,1366.97658,-0.718853633907835562,1367.03687432070333824054439921458,1901.61,200820,500,1823340704355872066
1682809943000,USDC,WETH,102929.6875,-54.121993250881694943,102928.7442190598596899023569947279,1901.81,200818,500,1823340704355872066
1682809955000,USDC,WETH,11056.618031,-5.813042323211106958,11055.85546334438522360630258835215,1902.04,200818,500,1823340704355872066
1682810015000,USDC,WETH,-147.459157,0.077603681970931216,147.5219118028669792515798201106618,1900.16,200818,500,1823340704355872066
1682810015000,USDC,WETH,-171.013977,0.09,171.086819618654006110004103726753,1900.16,200818,500,1823340704355872066
1682810015000,USDC,WETH,-190.015603,0.1,190.09650274294889567778233747417,1900.16,200818,500,1823340704355872066
1682810063000,USDC,WETH,64,-0.033647788133102815,63.9952447327465474673063331732949,1902.06,200818,500,1823340704355872066
1682810075000,USDC,WETH,78389.89863,-41.203933989684733014,78375.2350067931892220722079078124,1902.49,200815,500,1823340704355872066
1682810075000,USDC,WETH,67626.593662,-35.551917385563217387,67619.15333989821562760778571092055,1902.19,200816,500,1823340704355872066
1682810075000,USDC,WETH,5000,-2.627909221611864529,4998.844748674409675826498901042615,1902.65,200815,500,1823340704355872066
1682810123000,USDC,WETH,19.999573,-0.010511356657897706,19.99489902900916746531458581349456,1902.66,200815,500,1823340704355872066
1682810159000,USDC,WETH,1970.109937,-1.035446353122916284,1969.647457752059508021066439240612,1902.67,200815,500,1823340704355872066
1682810243000,USDC,WETH,2898.716555,-1.52349369179439094,2898.028642545541035642839016225663,1902.68,200815,500,1823340704355872066
1682810255000,USDC,WETH,3500,-1.839496009994077117,3499.152865319233349811029145481304,1902.70,200814,500,1823340704355872066
1682810255000,USDC,WETH,1277.132784,-0.671226429790760279,1276.826886487448165999132885509651,1902.69,200815,500,1823340704355872066
1682810267000,USDC,WETH,200,-0.105113647233400723,199.9512019833356307854950926734075,1902.70,200814,500,1823340704355872066
1682810291000,USDC,WETH,1166.916813,-0.613293526059123392,1166.631255236706774263910444051803,1902.71,200814,500,1823340704355872066
1682810327000,USDC,WETH,20000,-10.511114738018587385,19994.88249053806506238715096240125,1902.75,200814,500,1823340704355872066
1682810363000,USDC,WETH,-28.513283,0.015,28.5199466864423343516673506211255,1900.89,200814,500,1823340704355872066
1682810399000,USDC,WETH,85494.383252,-44.927064028917062403,85467.75331768530492507627333826,1902.96,200812,500,1823340704355872066
1682810459000,USDC,WETH,10030.185875,-5.270303842773625467,10026.55641315066781205773267105717,1903.15,200812,500,1823340704355872066
1682810471000,USDC,WETH,-3948.527289,2.076794060894756352,3949.060144495521028677368520583527,1901.26,200812,500,1823340704355872066
1682810495000,USDC,WETH,900,-0.472898344521605988,899.672894005001104021172117475027,1903.16,200812,500,1823340704355872066
1682810507000,USDC,WETH,-182.520594,0.096,182.54382179739097942810483298227,1901.26,200812,500,1823340704355872066
1682810519000,USDC,WETH,-6935.577223,3.6479194006505558,6936.485914293423434814281791712675,1901.24,200812,500,1823340704355872066
1682810519000,USDC,WETH,-513.331276,0.27,513.4005514926621296415448427626345,1901.23,200812,500,1823340704355872066
1682810531000,USDC,WETH,-5398.935334,2.839728858481586688,5399.680788573653101739739825967495,1901.22,200812,500,1823340704355872066
1682810543000,USDC,WETH,-5000,2.629926276441275731,5000.71812990455538725597588002715,1901.19,200812,500,1823340704355872066
1682810543000,USDC,WETH,-57.036123,0.03,57.04416299918468107128276030695935,1901.20,200812,500,1823340704355872066
1682810555000,USDC,WETH,-1766.74832,0.929296875,1767.014725970837972247157379821046,1901.17,200813,500,1823340704355872066
1682810555000,USDC,WETH,-3398.58263,1.787620204314473984,3399.085828008931406558613530995517,1901.18,200813,500,1823340704355872066
1682810567000,USDC,WETH,-7382.86693,3.883372278121461652,7384.015857160428582923382043045865,1901.15,200813,500,1823340704355872066
1682810639000,USDC,WETH,-2799.010541,1.472289410032600832,2799.461175392156807268897701336104,1901.13,200813,500,1823340704355872066
1682810651000,USDC,WETH,-1749.566376,0.920282500433847552,1749.852255176646852050252691362204,1901.12,200813,500,1823340704355872066
1682810687000,USDC,WETH,-11.809682,0.006212012518624278,11.81165765401606744001180572247478,1901.10,200813,500,1823340704355872066
1682810687000,USDC,WETH,-2798.91007,1.472250703262612992,2799.374134783844183294113721013226,1901.11,200813,500,1823340704355872066
1682810699000,USDC,WETH,580,-0.304780687753918041,579.806827795319319880464450269423,1903.01,200813,500,1823340704355872066
1682810711000,USDC,WETH,-586.350651,0.308428124478071411,586.4503916354877435466162621450095,1901.09,200813,500,1823340704355872066
1682810711000,USDC,WETH,-2948.248246,1.550811416074817536,2948.744251701485690783977276490783,1901.10,200813,500,1823340704355872066
1682810723000,USDC,WETH,220353.81636,-115.766177339275608658,220255.4990117596531120812869317701,1903.44,200808,500,1823340704355872066
1682810735000,USDC,WETH,-3247.866139,1.707623356084130816,3247.660975434476685038625764451344,1901.98,200808,500,1823340704355872066
1682810735000,USDC,WETH,6000,-3.150822155835905867,5996.022420775164772060427535624375,1904.26,200806,500,1823340704355872066
1682810735000,USDC,WETH,89335.9375,-46.91854287144116044,89281.4059548192805959435789989319,1904.06,200806,500,1823340704355872066
1682810747000,USDC,WETH,-1353.428499,0.711442878561285383,1353.203974990378265344409268246505,1902.37,200806,500,1823340704355872066
1682810747000,USDC,WETH,102.828777,-0.05399883428177033,102.7602627519811253849967419092462,1904.28,200806,500,1823340704355872066
1682810759000,USDC,WETH,-3399.196246,1.785864358349441024,3397.723054668415936780138969690612,1903.39,200801,500,1823340704355872066
1682810759000,USDC,WETH,245047.221186,-128.648096309880948683,244851.2323600850055660888304168198,1904.79,200801,500,1823340704355872066
1682810771000,USDC,WETH,4147.692355,-2.176927705772929923,4143.821533875528152363984030143344,1905.30,200801,500,1823340704355872066
1682810783000,USDC,WETH,-3499.251503,1.838428406345204224,3497.732262112921141775600728943435,1903.39,200801,500,1823340704355872066
1682810807000,USDC,WETH,-2199.515686,1.155583569702700032,2198.567649670979225959733297546261,1903.38,200801,500,1823340704355872066
1682810819000,USDC,WETH,-1049.66033,0.551473484629646208,1049.209784888478362259796856794612,1903.37,200801,500,1823340704355872066
1682810819000,USDC,WETH,1002.91,-0.526384912701607169,1001.978648245517124430162046862883,1905.28,200801,500,1823340704355872066
1682810831000,USDC,WETH,-2349.236172,1.234250179885398528,2348.229616226594308108178949638064,1903.37,200801,500,1823340704355872066
1682810843000,USDC,WETH,-3399.658967,1.786136429303144192,3398.213119289759821668173758202236,1903.36,200801,500,1823340704355872066
1682810867000,USDC,WETH,139.848223,-0.073401237729901017,139.7191500882980192460921056018418,1905.26,200801,500,1823340704355872066
1682810879000,USDC,WETH,-3949.075093,2.074808671124441344,3947.410971296143404223533226480524,1903.34,200801,500,1823340704355872066
1682810891000,USDC,WETH,382.002465,-0.20050209249124236,381.6526672068031423734671790128063,1905.23,200801,500,1823340704355872066
1682810891000,USDC,WETH,-2896.815295,1.521972297780224943,2895.605522347534286449540859206605,1903.33,200801,500,1823340704355872066
1682810915000,USDC,WETH,4116.934167,-2.16084946201494827,4113.154119429900913292671788389518,1905.24,200801,500,1823340704355872066
1682810951000,USDC,WETH,2000,-1.0497301135374053,1998.156925517289426760880210616447,1905.25,200801,500,1823340704355872066
1682810975000,USDC,WETH,-1100.259396,0.578065058594776448,1099.794449153557764705170349161099,1903.35,200801,500,1823340704355872066
1682810999000,USDC,WETH,4198.81859,-2.203803442169383133,4194.939984185880026092436424839924,1905.26,200801,500,1823340704355872066
1682811011000,USDC,WETH,1432.145627,-0.751675214085714641,1430.81826188101568396367982796563,1905.27,200801,500,1823340704355872066
1682811023000,USDC,WETH,-3501.955252,1.839878042369762816,3500.462552092035574188884561296771,1903.36,200801,500,1823340704355872066
1682811047000,USDC,WETH,-3202.471032,1.682545691631438336,3201.117821883143307096945085646727,1903.35,200801,500,1823340704355872066
1682811059000,USDC,WETH,-48016.288104,25.228694946338648315,47997.35447637413008899703689372392,1903.24,200802,500,1823340704355872066
1682811095000,USDC,WETH,-200,0.105089494554440348,199.9264529385993729541253167004224,1903.14,200802,500,1823340704355872066
1682811131000,USDC,WETH,-1218.007568,0.64,1217.560615982606529520698886548467,1903.14,200802,500,1823340704355872066
1682811155000,USDC,WETH,-12663.4484,6.654089295184903199,12658.89842063609349888698968994881,1903.11,200802,500,1823340704355872066
1682811167000,USDC,WETH,-15410.716447,8.098099377550840925,15405.59838331665253092511300999212,1903.00,200803,500,1823340704355872066
1682811167000,USDC,WETH,-10476.260435,5.504958066947421104,10472.62996971658776873897193196611,1903.06,200803,500,1823340704355872066
1682811167000,USDC,WETH,-143.279539,0.075289947435937935,143.2307255808614987407918765124423,1903.04,200803,500,1823340704355872066
1682811179000,USDC,WETH,-4757.40441,2.5,4755.877329932056755940230025579948,1902.96,200803,500,1823340704355872066
1682811191000,USDC,WETH,188.43214,-0.09892292796075302,188.2789194534991643100332057058529,1904.84,200803,500,1823340704355872066
1682811191000,USDC,WETH,-4443.984013,2.335322349566868375,4442.580085735297859537725874234121,1902.94,200803,500,1823340704355872066
1682811215000,USDC,WETH,-1131.768523,0.59475,1131.41422372133630223818072308547,1902.93,200803,500,1823340704355872066
1682811227000,USDC,WETH,235.134813,-0.12344110435609032,234.9438555677760247508066483409822,1904.83,200803,500,1823340704355872066
1682811287000,USDC,WETH,15000,-7.874569624472350552,14987.69241233649567065329715606732,1904.87,200803,500,1823340704355872066
1682811311000,USDC,WETH,214.19832,-0.112446084905518781,214.0207743733589078492885383589986,1904.90,200803,500,1823340704355872066
1682811323000,USDC,WETH,5159.489308,-2.708522347241685266,5155.197433674208313013690155836075,1904.91,200803,500,1823340704355872066
1682811407000,USDC,WETH,3556.971154,-1.867247447034038135,3553.995250272881453523830325417303,1904.93,200803,500,1823340704355872066
1682811443000,USDC,WETH,-13321.018317,7,13316.59950830975891663264407162386,1903.00,200803,500,1823340704355872066
1682811527000,USDC,WETH,585.086954,-0.3071515627631665,584.604698833842718576461969291376,1904.88,200803,500,1823340704355872066
1682811563000,USDC,WETH,5000,-2.624820711337247852,4995.863400958948898212222334451695,1904.89,200803,500,1823340704355872066
1682811575000,USDC,WETH,80,-0.041996896071612467,79.93359066631758793309480571090205,1904.90,200803,500,1823340704355872066
1682811599000,USDC,WETH,-3250,1.707837281532414915,3248.931321236177044753383369556045,1902.99,200803,500,1823340704355872066
1682811731000,USDC,WETH,4000,-2.099808722974569465,3996.645225348197889295465212954145,1904.94,200803,500,1823340704355872066
1682811731000,USDC,WETH,9001.055937,-4.725191699462041955,8993.571235898638865706648241082605,1904.91,200803,500,1823340704355872066
1682811743000,USDC,WETH,-1488.704125,0.782278396002713371,1488.197159999759650425519454421457,1903.04,200803,500,1823340704355872066
1682811755000,USDC,WETH,46,-0.024147771893297705,45.96139306691231223453685814247253,1904.94,200803,500,1823340704355872066
1682811767000,USDC,WETH,-487.075516,0.255947060905125833,486.9101525932540966308185401578363,1903.03,200803,500,1823340704355872066
1682811767000,USDC,WETH,-496.538436,0.260919892735112884,496.3701294439403271838638890561535,1903.03,200803,500,1823340704355872066
1682811815000,USDC,WETH,-2854.534749,1.5,2853.572449459234053564138015347969,1903.02,200803,500,1823340704355872066
1682811827000,USDC,WETH,172851.5625,-90.722162789106574146,172690.768714920324394331547356623,1905.28,200799,500,1823340704355872066
1682811875000,USDC,WETH,124151.188697,-65.140022887484078089,124015.291166752799917450001343831,1905.91,200796,500,1823340704355872066
1682811875000,USDC,WETH,-2000,1.050280545803965031,1998.680315074099732243306664549887,1904.25,200796,500,1823340704355872066
1682811875000,USDC,WETH,-3086.262488,1.620711539571062169,3084.217306623466303316713562180007,1904.26,200796,500,1823340704355872066
1682811899000,USDC,WETH,2658.625329,-1.394866612284751913,2655.649549828623960684190674623972,1906.01,200797,500,1823340704355872066
1682811899000,USDC,WETH,-36094.372702,18.955413394757103616,36071.32123292819994178757488582347,1904.17,200797,500,1823340704355872066
1682811911000,USDC,WETH,-1299.620651,0.682536515703590144,1298.813856295349047378325581234343,1904.10,200797,500,1823340704355872066
1682811947000,USDC,WETH,-19324.11064,10.148908109122108387,19312.34808089052476181280454439757,1904.06,200798,500,1823340704355872066
1682811947000,USDC,WETH,-554.093179,0.291,553.749774042091406391442774977506,1904.10,200797,500,1823340704355872066
1682811959000,USDC,WETH,476.464701,-0.25,475.9498629932056755940230025579948,1905.86,200798,500,1823340704355872066
1682811959000,USDC,WETH,-15242.832837,8.00575364327411712,15233.84778535016716013330960446381,1903.98,200798,500,1823340704355872066
1682811971000,USDC,WETH,2097.359777,-1.100481981300250697,2095.095245053160318933379989904206,1905.86,200798,500,1823340704355872066
1682811971000,USDC,WETH,2878.140237,-1.510137350151958956,2875.014496104819267871608257914064,1905.88,200798,500,1823340704355872066
1682811971000,USDC,WETH,3200.133964,-1.679096273012592687,3196.66933902866435976646645348311,1905.87,200798,500,1823340704355872066
1682811971000,USDC,WETH,-2032.805259,1.067677795108257792,2031.625467889462244887834623968306,1903.95,200798,500,1823340704355872066
1682811995000,USDC,WETH,128710.9375,-67.523710673813703611,128561.7428927596580616238628161173,1906.16,200795,500,1823340704355872066
1682811995000,USDC,WETH,-4119.473451,2.163000861733733528,4116.469462988013768275929269479896,1904.52,200795,500,1823340704355872066
1682812031000,USDC,WETH,-3747.937104,1.967935766576579072,3745.219732707976894988608389198889,1904.50,200795,500,1823340704355872066
1682812031000,USDC,WETH,172.218731,-0.090336419758697441,172.007561470318523892481647258314,1906.42,200795,500,1823340704355872066
1682812043000,USDC,WETH,1500,-0.786822134791550396,1498.165602628964565287731185374662,1906.40,200795,500,1823340704355872066
1682812079000,USDC,WETH,5250,-2.75385676935182143,5243.559923891562525700883310430575,1906.42,200795,500,1823340704355872066
1682812103000,USDC,WETH,10000,-5.245352377320777051,9987.648477148071637822502470455075,1906.45,200795,500,1823340704355872066
1682812127000,USDC,WETH,184.901954,-0.096986490264582157,184.6725258445719181442790459626792,1906.47,200795,500,1823340704355872066
1682812127000,USDC,WETH,-1700.028586,0.892608675106194176,1698.769148504401919817785570204176,1904.56,200795,500,1823340704355872066
1682812139000,USDC,WETH,-7100.04977,3.727953878384693248,7094.82457563603147587935950113432,1904.54,200795,500,1823340704355872066
1682812139000,USDC,WETH,5000,-2.622682728940031312,4993.830457530066591545519164632194,1906.44,200795,500,1823340704355872066
1682812163000,USDC,WETH,1000,-0.524532912180307537,998.762636417279249654707439710031,1906.46,200795,500,1823340704355872066
1682812163000,USDC,WETH,110.020534,-0.057709462056279025,109.8844660693587520896821297605777,1906.46,200795,500,1823340704355872066
1682812199000,USDC,WETH,-704.684501,0.37,704.1641689899443998791540437858325,1904.55,200795,500,1823340704355872066
1682812211000,USDC,WETH,3192.598477,-1.674617786682402814,3188.643137008074111873362977131496,1906.46,200795,500,1823340704355872066
1682812235000,USDC,WETH,-1847.42401,0.97,1846.05595347363802130480924992502,1904.56,200795,500,1823340704355872066
1682812259000,USDC,WETH,-7618.162991,4,7612.561695391290809504368040927915,1904.54,200795,500,1823340704355872066
1682812271000,USDC,WETH,335.133368,-0.175790954074492674,334.7210372855830295725404716983586,1906.43,200795,500,1823340704355872066
1682812283000,USDC,WETH,3000,-1.573648355081892239,2996.335090036369117691108123477806,1906.40,200795,500,1823340704355872066
1682812283000,USDC,WETH,-9503.612567,4.990067447076067,9496.71196626897563392078899583703,1904.51,200795,500,1823340704355872066
1682812319000,USDC,WETH,3746.417822,-1.96516664875389566,3741.827020505541285025220524357968,1906.41,200795,500,1823340704355872066
1682812319000,USDC,WETH,-1,0.000525068259393631,0.9992644722419257790451566350517865,1904.51,200795,500,1823340704355872066
1682812343000,USDC,WETH,-212.748439,0.111707431724611176,212.5919368114522036896254922206519,1904.51,200795,500,1823340704355872066
1682812343000,USDC,WETH,2984.124005,-1.565297196504761121,2980.43473258507243274000672526866,1906.43,200795,500,1823340704355872066
1682812343000,USDC,WETH,190.642064,-0.1,190.4066638792713873459377936475299,1906.42,200795,500,1823340704355872066
1682812355000,USDC,WETH,-1481.71944,0.778,1480.625936020731393551396034577783,1904.52,200795,500,1823340704355872066
1682812367000,USDC,WETH,2000,-1.04906340754993467,1997.508569883071398760147796544712,1906.46,200795,500,1823340704355872066
1682812367000,USDC,WETH,7465.414282,-3.915887752130751065,7456.153753796521160264182784177745,1906.44,200795,500,1823340704355872066
1682812379000,USDC,WETH,-19045.202947,10,19031.16466142713873459377936475299,1904.52,200795,500,1823340704355872066
1682812391000,USDC,WETH,-1363.750365,0.716076054721724229,1362.760623868308638028296313185968,1904.48,200795,500,1823340704355872066
1682812403000,USDC,WETH,3000,-1.573672158913468659,2996.336116011043442352615043590305,1906.37,200795,500,1823340704355872066
1682812403000,USDC,WETH,-4060,2.131831768170007815,4057.065707367495847511926666043344,1904.47,200795,500,1823340704355872066
1682812439000,USDC,WETH,20000.3,-10.491036353456960976,19975.61820736862254946106147363323,1906.42,200795,500,1823340704355872066
1682812463000,USDC,WETH,-507.5,0.266466675395616771,507.121522047609186612811267245836,1904.55,200795,500,1823340704355872066
1682812487000,USDC,WETH,80373.125799,-42.154521554756570554,80269.4560855239421287815799129867,1906.63,200793,500,1823340704355872066
1682812487000,USDC,WETH,538.553156,-0.282488656908044255,537.8827024082809023162661125245455,1906.46,200795,500,1823340704355872066
1682812499000,USDC,WETH,10000,-5.244324985910764561,9986.599550655760640298466195774995,1906.82,200793,500,1823340704355872066
1682812499000,USDC,WETH,363,-0.190366800105848393,362.5114747689954167241711713718865,1906.85,200793,500,1823340704355872066
1682812535000,USDC,WETH,107472.950429,-56.354890116656288486,107321.8785767916921740959759356242,1907.07,200790,500,1823340704355872066
1682812535000,USDC,WETH,500,-0.262150218882156842,499.2671920969918461209260634119023,1907.30,200790,500,1823340704355872066
1682812547000,USDC,WETH,198318.371195,-103.955351056401165358,198005.7880217938714259662357305085,1907.73,200786,500,1823340704355872066
1682812583000,USDC,WETH,4180.678308,-2.190120367528701198,4173.92018595672900159358196396499,1908.88,200782,500,1823340704355872066
1682812583000,USDC,WETH,169640.336231,-88.886258773622479641,169382.5170750213504292546942662623,1908.51,200782,500,1823340704355872066
1682812607000,USDC,WETH,162853.70773,-85.297810384317726152,162600.5959607379540747692879550853,1909.24,200778,500,1823340704355872066
1682812619000,USDC,WETH,-4914.247303,2.576053659993335508,4909.67870204924205586241839172388,1907.66,200778,500,1823340704355872066
1682812631000,USDC,WETH,109.988227,-0.057598613912006599,109.8313917944642091551487238623901,1909.56,200778,500,1823340704355872066
1682812643000,USDC,WETH,5200,-2.723124021942133427,5192.574711080910703453239434745915,1909.57,200778,500,1823340704355872066
1682812643000,USDC,WETH,-850.372041,0.445768700668452003,849.58412026784942087551187191906,1907.65,200778,500,1823340704355872066
1682812655000,USDC,WETH,-6902.028585,3.6180625,6895.62322879085880704742776227696,1907.66,200779,500,1823340704355872066
1682812667000,USDC,WETH,2397.86984,-1.255719701370364784,2394.454152964286027362060872556001,1909.56,200778,500,1823340704355872066
1682812691000,USDC,WETH,-9525.200748,4.993265367615537857,9516.483566056561190627409374656025,1907.61,200779,500,1823340704355872066
1682812691000,USDC,WETH,-5677.090599,2.97597260546195057,5671.846778103817701668443225609775,1907.64,200779,500,1823340704355872066
1682812763000,USDC,WETH,29.288415,-0.015338277496820437,29.24715251072235816062122497272945,1909.50,200779,500,1823340704355872066
1682812763000,USDC,WETH,-953.79363,0.5,952.926310937516116298077736672178,1907.59,200779,500,1823340704355872066
1682812775000,USDC,WETH,-2534.603512,1.328701171875000299,2532.303654198486715669547921686978,1907.58,200779,500,1823340704355872066
1682812787000,USDC,WETH,120,-0.062844214889432637,119.8313998728111266051420632421199,1909.48,200779,500,1823340704355872066
